8.042316250000000721e+00 -2.367203749999999968e-02 1.346430000000000404e-01 2.289707985267753099e+00
7.805203750000000440e+00 -2.771943749999999929e-02 1.654610000000000247e-01 2.112739164313013340e+00
7.749388749999999604e+00 -2.756998749999999693e-02 1.670250000000000346e-01 2.582694541237920749e+00
8.032071249999999552e+00 -2.369653749999999642e-02 1.333990000000000176e-01 2.701996035617094893e+00
7.774416249999999806e+00 -2.867388749999999834e-02 1.739550000000000263e-01 2.657837061988798322e+00
7.822851250000000256e+00 -2.687436249999999860e-02 1.609890000000000210e-01 2.116574666797287563e+00
7.989036249999999839e+00 -2.450258749999999902e-02 1.437430000000000097e-01 2.698556132100088600e+00
8.084691250000000551e+00 -2.177906249999999808e-02 1.230710000000000276e-01 2.395542946757056590e+00
7.981386249999999905e+00 -2.273858750000000081e-02 1.329050000000000231e-01 2.893484938885782398e+00
7.823893749999999869e+00 -2.696431250000000043e-02 1.633430000000000160e-01 2.931801178399463303e+00
7.588123750000000278e+00 -3.089253750000000090e-02 1.894830000000000403e-01 2.920043734611793340e+00
7.695141249999999822e+00 -3.153968749999999654e-02 1.912110000000000198e-01 2.067759028926242859e+00
7.595623749999999674e+00 -3.299568749999999551e-02 2.018450000000000244e-01 2.527275463066097849e+00
7.696768750000000381e+00 -3.026586249999999728e-02 1.855470000000000175e-01 2.848442597946939436e+00
8.082201250000000670e+00 -2.344418749999999801e-02 1.323010000000000019e-01 2.784948399252775264e+00
7.863808750000000458e+00 -2.920098749999999743e-02 1.728450000000000264e-01 2.792169223990367932e+00
7.783933750000000096e+00 -2.981226249999999883e-02 1.792350000000000332e-01 2.308438904013496273e+00
7.685946249999999758e+00 -3.029841249999999653e-02 1.840330000000000299e-01 1.894132275258069376e+00
8.019846250000000509e+00 -2.455263749999999842e-02 1.387350000000000250e-01 2.334524719186337194e+00
7.760856249999999790e+00 -2.871028750000000074e-02 1.712570000000000203e-01 2.420209177776361464e+00
7.523961250000000156e+00 -3.295036249999999667e-02 2.042270000000000474e-01 2.208013587071534278e+00
7.701883750000000362e+00 -3.012708750000000005e-02 1.841270000000000406e-01 2.549935297265806255e+00
7.753356249999999505e+00 -3.086261249999999734e-02 1.868730000000000391e-01 2.852298447326061748e+00
8.063241250000000804e+00 -2.242271249999999716e-02 1.278529999999999944e-01 2.142792412286652404e+00
7.107666250000000296e+00 -4.018258749999999851e-02 2.589810000000000167e-01 2.922465336482650944e+00
8.123698750000000857e+00 -2.029558749999999662e-02 1.134530000000000260e-01 2.793877625913899099e+00
7.374793750000000259e+00 -3.483913749999999893e-02 2.205230000000000246e-01 2.668882476441802432e+00
7.795836249999999801e+00 -2.818318749999999817e-02 1.660510000000000319e-01 2.879535562300465479e+00
7.742976249999999894e+00 -2.978898749999999915e-02 1.811070000000000180e-01 2.676931750556045042e+00
7.915056250000000126e+00 -2.666716249999999747e-02 1.540670000000000095e-01 2.414447519903560213e+00
7.047088750000000346e+00 -4.129261249999999911e-02 2.673990000000000533e-01 2.963874725680995414e+00
7.614186250000000378e+00 -3.079716250000000266e-02 1.897490000000000288e-01 2.183373264884335807e+00
7.724518749999999656e+00 -2.940731250000000116e-02 1.795990000000000364e-01 2.639264887666909143e+00
7.338583749999999739e+00 -3.711956250000000151e-02 2.348950000000000482e-01 2.883434234629328241e+00
7.623711249999999495e+00 -3.395451249999999893e-02 2.077530000000000487e-01 2.752725896675927597e+00
8.063113749999999413e+00 -2.209231249999999563e-02 1.248230000000000034e-01 2.673290959910599618e+00
7.923696249999999885e+00 -2.784018749999999862e-02 1.623170000000000168e-01 2.772957935437515786e+00
7.395628750000000196e+00 -3.580688750000000226e-02 2.255510000000000292e-01 2.681199400848637282e+00
8.106868750000000290e+00 -2.160266249999999791e-02 1.220190000000000163e-01 2.428559121461544734e+00
7.723213750000000211e+00 -3.168196250000000075e-02 1.907490000000000296e-01 2.205255844130100673e+00
7.758276249999999763e+00 -2.927343749999999911e-02 1.747290000000000232e-01 2.175683069170887940e+00
7.988241249999999738e+00 -2.309488749999999771e-02 1.343710000000000182e-01 2.441013947145270091e+00
7.990446249999999750e+00 -2.360011249999999922e-02 1.365090000000000192e-01 2.345311252342274777e+00
7.398966249999999967e+00 -3.354378750000000520e-02 2.128750000000000364e-01 2.974122028177450083e+00
7.982743750000000027e+00 -2.595858749999999798e-02 1.473690000000000000e-01 2.845398161661501835e+00
7.660168750000000415e+00 -3.172536249999999280e-02 1.941850000000000243e-01 2.529247719075962131e+00
7.937256249999999902e+00 -2.710151249999999748e-02 1.555650000000000088e-01 2.967833798489069697e+00
7.719231249999999989e+00 -3.140931250000000147e-02 1.891030000000000211e-01 2.228705570309885253e+00
7.690633749999999935e+00 -3.238073749999999945e-02 1.952110000000000234e-01 2.825605417128060015e+00
7.767996250000000380e+00 -3.000528749999999828e-02 1.807210000000000205e-01 2.246284448340192696e+00
7.558198749999999855e+00 -3.446376250000000169e-02 2.126790000000000347e-01 2.694516273739940182e+00
7.823421249999999993e+00 -2.845531249999999970e-02 1.709510000000000474e-01 2.564214164116664918e+00
7.596726249999999681e+00 -3.234766249999999899e-02 2.001170000000000171e-01 2.772030902332906610e+00
7.956133750000000227e+00 -2.548923749999999766e-02 1.498990000000000045e-01 2.425214177152958950e+00
8.207106250000000713e+00 -2.014911249999999654e-02 1.091410000000000297e-01 2.788027812130446037e+00
7.561476250000000121e+00 -3.503968749999999965e-02 2.153550000000000186e-01 2.712210386948395335e+00
7.929658749999999756e+00 -2.754846249999999552e-02 1.604490000000000360e-01 2.704736247981376795e+00
7.604308750000000394e+00 -3.456526249999999911e-02 2.117790000000000505e-01 2.807025070892525953e+00
8.118223750000000294e+00 -2.015156249999999760e-02 1.129669999999999980e-01 2.881838807988988282e+00
7.904226249999999787e+00 -2.550358749999999744e-02 1.475150000000000350e-01 2.997486567040146710e+00
8.070171249999999574e+00 -2.288576250000000020e-02 1.287470000000000281e-01 2.339560354701416323e+00
7.165971250000000126e+00 -3.844798750000000265e-02 2.482250000000000290e-01 2.998898183483022617e+00
7.733518749999999997e+00 -3.047516249999999635e-02 1.832630000000000092e-01 1.898710577168594371e+00
8.190823749999999848e+00 -2.082601249999999765e-02 1.130930000000000268e-01 2.820209656737022730e+00
7.730578750000000277e+00 -2.898223749999999724e-02 1.747110000000000329e-01 2.289928959175621781e+00
7.920613750000000231e+00 -2.589103749999999843e-02 1.484950000000000159e-01 2.856843320330237912e+00
7.594078749999999545e+00 -3.020741249999999919e-02 1.876130000000000297e-01 2.582322182480635941e+00
7.531288749999999865e+00 -3.077178749999999810e-02 1.940490000000000270e-01 2.951302074208006054e+00
7.840648749999999723e+00 -2.771488750000000029e-02 1.649450000000000360e-01 1.715526831777605565e+00
7.191883749999999687e+00 -3.882178749999999623e-02 2.490290000000000559e-01 2.821486852988107863e+00
8.106223749999999839e+00 -2.176471249999999830e-02 1.204570000000000224e-01 2.946389470395124111e+00
7.509876249999999587e+00 -3.530866250000000428e-02 2.185690000000000133e-01 2.533414838047250761e+00
7.829428749999999937e+00 -2.771471249999999872e-02 1.666270000000000251e-01 2.503933461440864594e+00
7.793946250000000298e+00 -2.977586249999999643e-02 1.773770000000000346e-01 1.901618928228126837e+00
8.086686249999999632e+00 -2.182893749999999591e-02 1.233630000000000282e-01 2.324103253409356196e+00
7.686576249999999888e+00 -3.341148750000000334e-02 2.020190000000000596e-01 2.652423273015224403e+00
7.975768750000000296e+00 -2.405791249999999701e-02 1.373450000000000226e-01 2.947864179593494782e+00
7.692043749999999847e+00 -2.963568750000000057e-02 1.817330000000000334e-01 2.513523233770666110e+00
7.438168749999999996e+00 -3.378108750000000104e-02 2.128950000000000287e-01 2.539720716391885791e+00
7.536966249999999867e+00 -3.354623749999999932e-02 2.079490000000000505e-01 2.346703283147268504e+00
8.224086249999999154e+00 -1.923893749999999736e-02 1.045290000000000108e-01 2.825162858855154280e+00
7.838121250000000373e+00 -2.814591249999999836e-02 1.658030000000000337e-01 2.021665611607568636e+00
7.927536250000000173e+00 -2.377878749999999888e-02 1.400590000000000168e-01 2.740179434636625277e+00
7.969731250000000600e+00 -2.578393749999999957e-02 1.499150000000000205e-01 2.526095229712910228e+00
8.069068749999999568e+00 -2.356073750000000147e-02 1.315749999999999975e-01 2.443411366243237293e+00
7.462161250000000301e+00 -3.262171249999999689e-02 2.064770000000000216e-01 2.957535412764797922e+00
7.491381249999999881e+00 -3.198663749999999806e-02 2.017010000000000192e-01 2.753605745162036378e+00
7.620366250000000008e+00 -3.083076250000000088e-02 1.892730000000000246e-01 2.247695558255685455e+00
7.890771250000000236e+00 -2.790073749999999811e-02 1.645510000000000306e-01 2.502369822621746565e+00
7.514166250000000602e+00 -3.404778749999999576e-02 2.109490000000000254e-01 2.181965770870959886e+00
7.595631250000000279e+00 -3.141018749999999887e-02 1.915390000000000148e-01 2.786337773261360340e+00
7.528438750000000290e+00 -3.113946249999999943e-02 1.959870000000000223e-01 2.839903532076200054e+00
7.632126249999999779e+00 -2.889928749999999893e-02 1.794570000000000332e-01 2.731049990315549181e+00
7.807033750000000438e+00 -3.011046249999999730e-02 1.801090000000000468e-01 2.506100002953316253e+00
7.819423750000000339e+00 -2.588613749999999977e-02 1.559710000000000263e-01 2.548793947986121466e+00
7.740426250000000508e+00 -3.081396250000000003e-02 1.857390000000000152e-01 2.060842052422685811e+00
7.659111250000000481e+00 -3.191086249999999791e-02 1.940850000000000353e-01 1.978026017848104168e+00
7.875508749999999836e+00 -2.937668749999999829e-02 1.721190000000000220e-01 2.780245591025583440e+00
7.590756250000000094e+00 -3.500223749999999828e-02 2.146350000000000202e-01 2.838438162926141928e+00
7.429933750000000003e+00 -3.682293749999999977e-02 2.302350000000000230e-01 2.971495773126487716e+00
7.957221249999999912e+00 -2.645873749999999927e-02 1.545170000000000154e-01 2.765980411468896616e+00
7.828086250000000135e+00 -2.750278750000000050e-02 1.663370000000000126e-01 2.997321160087398795e+00
7.836058750000000295e+00 -2.768741249999999779e-02 1.630330000000000390e-01 2.203852679635683653e+00
7.396093750000000355e+00 -3.581073750000000194e-02 2.254690000000000305e-01 2.631334882260673247e+00
7.991361250000000638e+00 -2.573108749999999598e-02 1.459770000000000234e-01 2.634823834524401498e+00
7.905493749999999764e+00 -2.554243749999999744e-02 1.494690000000000463e-01 2.404155611113187430e+00
8.115306249999999721e+00 -2.375236249999999535e-02 1.300050000000000094e-01 2.947533676395071911e+00
7.787916250000000318e+00 -2.768601249999999570e-02 1.675030000000000130e-01 2.275860192111367475e+00
7.752733749999999979e+00 -2.917631249999999912e-02 1.741590000000000082e-01 2.255421049477116746e+00
8.192233749999999759e+00 -1.992983749999999860e-02 1.093970000000000220e-01 2.668420333615598050e+00
8.123278750000000770e+00 -2.125318749999999951e-02 1.179510000000000142e-01 2.684186299355898253e+00
7.883983750000000512e+00 -2.664406249999999587e-02 1.571530000000000149e-01 1.784632421765846022e+00
7.969581250000000061e+00 -2.469018750000000206e-02 1.454350000000000365e-01 2.712831184737753532e+00
7.650088750000000104e+00 -2.979021249999999968e-02 1.812110000000000110e-01 2.892799618947226925e+00
7.945093749999999844e+00 -2.481163749999999724e-02 1.470590000000000230e-01 2.920126891228028931e+00
7.414491250000000200e+00 -3.377321249999999664e-02 2.134310000000000374e-01 2.735838923346590068e+00
7.928893750000000296e+00 -2.727546250000000005e-02 1.582250000000000323e-01 2.416173587750967133e+00
7.384806250000000460e+00 -3.763406250000000258e-02 2.360510000000000108e-01 2.917998718502777589e+00
7.827951249999999916e+00 -2.716643749999999788e-02 1.633590000000000320e-01 2.297100312986477544e+00
8.070021249999999924e+00 -2.259018749999999742e-02 1.272190000000000265e-01 2.426556656508222165e+00
