7.485088750000000068e+00 -4.648346250000000290e-02 2.416912500000000241e-01 1.570624999999999973e-03 2.521556511654533761e+00
8.257551250000000564e+00 -4.825236249999999977e-02 1.484362499999999918e-01 6.262025000000000056e-03 2.378247484004075041e+00
8.437596250000000353e+00 -2.669866249999999774e-02 8.209625000000000949e-02 3.204475000000000032e-03 2.937489049374539363e+00
8.399548750000001007e+00 -3.702593750000000156e-02 1.035287500000000027e-01 5.325625000000000497e-03 2.884355097380497668e+00
7.397413750000000121e+00 -4.100421249999999795e-02 2.499212500000000392e-01 2.867750000000000182e-04 2.596254908770885717e+00
7.997886250000000530e+00 -3.352033749999999701e-02 1.443237500000000284e-01 2.835425000000000358e-03 2.562579189790481049e+00
7.871256250000000065e+00 -2.364403749999999943e-02 1.327812500000000173e-01 1.437174999999999954e-03 2.324971160836982076e+00
8.416813749999999317e+00 -1.822113749999999810e-02 6.121625000000000677e-02 2.722225000000000426e-03 2.144753351971608879e+00
8.241148750000000689e+00 -2.964951249999999913e-02 1.011712500000000181e-01 4.151875000000000183e-03 2.527869326629078373e+00
7.594138749999999938e+00 -4.488956250000000064e-02 2.282637500000000153e-01 1.969475000000000045e-03 1.309388899057579270e+00
8.114931249999999707e+00 -2.439881249999999516e-02 1.199687500000000129e-01 8.201750000000001357e-04 2.846286623075437561e+00
8.198893749999999869e+00 -3.464138750000000239e-02 1.404112500000000152e-01 2.379275000000000140e-03 2.873979597139669995e+00
7.799691250000000409e+00 -2.604888749999999947e-02 1.523062500000000319e-01 6.745750000000000661e-04 2.289519083188779280e+00
7.794853749999999692e+00 -4.875146250000000209e-02 2.306062500000000126e-01 1.637175000000000262e-03 2.874276834317002205e+00
8.063391250000000454e+00 -4.842736250000000131e-02 1.911387500000000239e-01 3.364025000000000522e-03 2.838952359496207389e+00
7.821441250000000345e+00 -3.828733750000000435e-02 1.839437500000000170e-01 2.066375000000000503e-03 1.994548369148273270e+00
7.894798749999999643e+00 -4.469916250000000035e-02 1.859462500000000351e-01 3.656825000000000266e-03 2.436394631391414212e+00
8.239566249999999314e+00 -4.348676250000000493e-02 1.521012500000000212e-01 4.371075000000000307e-03 2.977832298407412370e+00
8.172171249999999887e+00 -3.125041249999999798e-02 1.157937500000000008e-01 3.775425000000000222e-03 2.166887597931446585e+00
8.228346249999999529e+00 -1.886758749999999790e-02 7.782374999999999710e-02 2.362125000000000075e-03 2.536867741379598140e+00
7.695658749999999770e+00 -3.500118750000000278e-02 1.975712500000000316e-01 5.936250000000000771e-04 1.442595522720505619e+00
8.187943750000000520e+00 -2.860528749999999981e-02 1.206237500000000018e-01 2.359625000000000177e-03 2.400809424001028702e+00
7.494906249999999659e+00 -4.052698750000000016e-02 2.254312500000000274e-01 9.772750000000001054e-04 2.252432521968914525e+00
7.769871250000000451e+00 -4.731961250000000369e-02 2.103262500000000201e-01 3.011725000000000686e-03 2.564250025734288840e+00
7.623036250000000180e+00 -2.514553749999999879e-02 1.647562499999999930e-01 5.876250000000001481e-04 2.412944122369257816e+00
7.716561249999999816e+00 -2.735141249999999830e-02 1.718437500000000173e-01 2.729750000000000080e-04 1.699062871103097505e+00
8.483503750000000565e+00 -1.689516249999999803e-02 4.004375000000000295e-02 3.591575000000000063e-03 2.639680566558358699e+00
7.449163750000000306e+00 -4.530151250000000185e-02 2.543987500000000068e-01 4.529750000000000464e-04 1.356703110389800182e+00
8.048361249999999245e+00 -4.961176250000000343e-02 1.772787500000000127e-01 5.423725000000000768e-03 2.181701922197846866e+00
8.447008750000000177e+00 -2.616473750000000015e-02 6.509125000000001715e-02 4.918524999999999980e-03 2.836643375943178391e+00
7.956306249999999913e+00 -4.569753750000000309e-02 1.835437500000000055e-01 4.138575000000000240e-03 1.699110202825545368e+00
7.198896249999999775e+00 -3.724381250000000088e-02 2.403912500000000008e-01 1.899749999999999963e-04 2.843140692548503878e+00
7.653718750000000348e+00 -3.430871249999999789e-02 1.843937500000000229e-01 1.632025000000000272e-03 2.362417883007192465e+00
8.274771250000000578e+00 -3.636828749999999888e-02 1.312862499999999932e-01 3.467674999999999924e-03 2.867985058214395533e+00
7.882423750000000062e+00 -2.971811250000000112e-02 1.653337500000000015e-01 1.810249999999999956e-04 2.413505571617412748e+00
8.460388749999999902e+00 -4.100141250000000070e-02 1.073937500000000100e-01 6.144675000000000484e-03 2.514720979700918235e+00
7.938568749999999952e+00 -1.815691249999999701e-02 1.109362500000000140e-01 1.144525000000000186e-03 2.850301259047995028e+00
7.955001250000000468e+00 -3.801136249999999966e-02 1.650812500000000127e-01 3.309374999999999817e-03 2.787335737043487249e+00
8.371911250000000138e+00 -3.343476249999999955e-02 1.016887500000000083e-01 4.292475000000000457e-03 2.940427770226506254e+00
7.625856250000000003e+00 -3.500136250000000088e-02 1.918337500000000251e-01 1.777525000000000285e-03 2.990382986807693211e+00
7.549573750000000416e+00 -4.183791250000000461e-02 2.239487500000000297e-01 1.510725000000000089e-03 1.482582451353955832e+00
8.275363750000000351e+00 -1.997743749999999693e-02 7.904374999999999596e-02 2.440775000000000063e-03 2.152009579761498870e+00
7.252288749999999951e+00 -4.684816250000000543e-02 2.488712500000000161e-01 2.722425000000000539e-03 2.717665591049477580e+00
7.836913749999999901e+00 -2.749928750000000047e-02 1.480762500000000204e-01 1.693175000000000105e-03 2.493756465863860683e+00
7.976818749999999625e+00 -1.651558749999999798e-02 9.771875000000000699e-02 1.204775000000000160e-03 2.730936992059237678e+00
7.391196250000000134e+00 -3.997993749999999985e-02 2.333562500000000151e-01 6.082249999999999983e-04 2.575822019557620024e+00
7.898398750000000135e+00 -2.170871249999999780e-02 1.395937500000000164e-01 2.114750000000000039e-04 2.095248922556558036e+00
7.536246249999999591e+00 -4.921031250000000579e-02 2.311987500000000084e-01 3.315425000000000316e-03 2.709879123786193222e+00
7.234603749999999778e+00 -4.209061249999999921e-02 2.553887500000000532e-01 2.586250000000000658e-04 2.724677093973652209e+00
7.710906249999999851e+00 -3.174671249999999612e-02 1.795362500000000083e-01 5.604750000000000574e-04 2.684477712342035804e+00
7.479846250000000474e+00 -3.637843749999999932e-02 2.061087500000000072e-01 1.548975000000000178e-03 2.213498968647609200e+00
8.461611250000000695e+00 -1.641513749999999605e-02 5.260875000000000273e-02 2.476475000000000117e-03 2.176463932427683545e+00
8.095798750000000155e+00 -2.409238749999999610e-02 1.216012500000000218e-01 1.116675000000000133e-03 1.969253456077803666e+00
7.016068749999999632e+00 -4.711661250000000190e-02 2.898487499999999883e-01 8.243250000000001011e-04 2.830982741122497703e+00
8.059948750000000217e+00 -2.735963749999999889e-02 1.286462500000000175e-01 1.627525000000000326e-03 2.437273529534714100e+00
7.408131250000000279e+00 -4.141721250000000160e-02 2.457962500000000217e-01 2.125000000000000407e-06 1.933185421676684612e+00
8.404086250000000646e+00 -1.668813749999999846e-02 5.487375000000000586e-02 2.561925000000000487e-03 2.573555813782602897e+00
8.200236249999999671e+00 -1.874018749999999817e-02 7.475375000000000769e-02 2.803475000000000151e-03 2.709680110490117144e+00
8.020056249999999665e+00 -4.688876250000000023e-02 1.645587500000000314e-01 5.828975000000000996e-03 2.814112590311608653e+00
7.815073749999999819e+00 -4.432956250000000264e-02 2.057112500000000122e-01 2.169275000000000023e-03 1.997637238595936005e+00
7.859233749999999574e+00 -3.465223750000000214e-02 1.852787500000000198e-01 6.534250000000000128e-04 2.704931486647286221e+00
7.647321250000000070e+00 -3.701648750000000043e-02 1.959212500000000190e-01 1.452725000000000197e-03 2.530104561621048465e+00
8.289666249999999792e+00 -1.703253750000000011e-02 8.211375000000001312e-02 1.218375000000000274e-03 2.620591994895232091e+00
7.418916249999999657e+00 -3.797653750000000439e-02 2.270137500000000141e-01 3.924750000000000395e-04 2.259448405637589641e+00
7.939431250000000162e+00 -2.915251249999999822e-02 1.387537500000000090e-01 2.456225000000000248e-03 2.405137107124554863e+00
7.863786250000000422e+00 -4.202866250000000109e-02 1.813112500000000349e-01 3.403875000000000650e-03 2.267312235392969999e+00
8.044431250000000588e+00 -4.831693750000000398e-02 1.763337500000000113e-01 5.042325000000001146e-03 2.178361994860566142e+00
7.170988750000000245e+00 -4.823731250000000415e-02 2.833937499999999998e-01 4.293750000000000691e-04 2.069539292150985421e+00
8.245498749999999433e+00 -2.071856249999999566e-02 1.049087500000000089e-01 2.099750000000000217e-04 2.787647111500432651e+00
7.699761249999999890e+00 -2.145216249999999658e-02 1.363437500000000135e-01 1.279075000000000177e-03 2.943224713702745188e+00
7.063926249999999740e+00 -4.640331250000000185e-02 2.870962500000000528e-01 9.377500000000000256e-05 2.223904475369943956e+00
8.033683749999999790e+00 -3.028703750000000250e-02 1.368312500000000154e-01 2.333325000000000243e-03 1.859022178088772348e+00
7.938628750000000345e+00 -2.036611249999999845e-02 1.209537499999999988e-01 8.899250000000000693e-04 1.762749063169209984e+00
7.728426250000000053e+00 -4.113423750000000378e-02 1.949362500000000331e-01 2.791775000000000246e-03 1.891595225750756892e+00
7.975528750000000500e+00 -4.362623749999999800e-02 1.809937500000000088e-01 3.639225000000000272e-03 2.288704335841327264e+00
7.255588750000000253e+00 -4.263363750000000174e-02 2.554387500000000477e-01 6.610250000000000891e-04 1.760163611741269341e+00
8.205741249999999098e+00 -1.701818749999999686e-02 9.250125000000000708e-02 4.353250000000000240e-04 2.023712968789095790e+00
8.185633750000000930e+00 -2.071138749999999751e-02 9.816874999999999907e-02 1.637125000000000342e-03 1.872986670538032916e+00
7.426603749999999948e+00 -4.242801250000000080e-02 2.297262500000000207e-01 2.080675000000000146e-03 2.756186555652103021e+00
7.499136250000000281e+00 -4.500068750000000423e-02 2.407912500000000122e-01 1.703375000000000245e-03 2.196658034645789570e+00
7.558993749999999956e+00 -3.730033750000000259e-02 2.088987500000000219e-01 1.509425000000000437e-03 2.909812470074424784e+00
8.384766250000000198e+00 -3.791161249999999705e-02 1.180062500000000070e-01 4.411925000000000568e-03 2.670385645838376121e+00
8.394846250000000509e+00 -3.518651250000000286e-02 1.062837500000000102e-01 4.610525000000000734e-03 2.462069493203983495e+00
8.005641250000000042e+00 -2.626256249999999598e-02 1.246762500000000162e-01 2.371874999999999852e-03 2.706955982061879151e+00
8.031868750000001000e+00 -1.645241249999999933e-02 1.053262500000000101e-01 3.475000000000000610e-06 2.597632649205331656e+00
8.293491250000000647e+00 -3.188723749999999857e-02 1.057037500000000130e-01 4.144474999999999895e-03 2.192246521069252108e+00
7.914606250000000287e+00 -4.542331250000000015e-02 2.025237500000000024e-01 2.227525000000000165e-03 2.510610034126274037e+00
7.234933749999999719e+00 -4.053853749999999923e-02 2.431587500000000346e-01 8.909750000000001219e-04 2.912372695926013222e+00
8.104033749999999259e+00 -4.808838750000000301e-02 1.566612500000000296e-01 6.318875000000000706e-03 2.947809828078132188e+00
7.449388749999999781e+00 -4.899261250000000456e-02 2.676387500000000363e-01 4.879750000000000840e-04 1.816230477192607218e+00
8.126271250000000279e+00 -1.526083749999999212e-02 1.011862500000000054e-01 1.460250000000000122e-04 2.858380072213384082e+00
7.854118750000000482e+00 -3.377496249999999839e-02 1.574837500000000334e-01 2.931625000000000203e-03 2.757486385781509508e+00
8.210548750000000950e+00 -2.599026249999999982e-02 1.136087500000000083e-01 1.824225000000000282e-03 2.442985090846649499e+00
8.375938749999999544e+00 -2.507816249999999733e-02 8.593375000000000319e-02 3.218825000000000245e-03 2.598242849208963090e+00
7.855866250000000051e+00 -4.302861250000000054e-02 1.912662500000000265e-01 3.028475000000000524e-03 1.621486533473291525e+00
7.879701250000000101e+00 -1.952786249999999627e-02 1.119487500000000135e-01 1.697275000000000259e-03 2.725645555391682073e+00
8.136913749999999723e+00 -3.649953749999999830e-02 1.482487500000000125e-01 2.945375000000000076e-03 2.683201516876442927e+00
7.784998749999999745e+00 -3.605241249999999870e-02 1.925712500000000271e-01 5.584750000000001172e-04 2.137861559547505230e+00
7.805286249999999981e+00 -4.181778750000000183e-02 2.107187500000000102e-01 9.860250000000001826e-04 2.623180026339866799e+00
8.349066249999999911e+00 -4.472068750000000176e-02 1.393237500000000240e-01 5.136475000000000589e-03 2.848059686168189053e+00
8.146806250000000915e+00 -2.869488749999999852e-02 1.046662500000000162e-01 3.933675000000000192e-03 2.783793540980292747e+00
8.384151250000000388e+00 -2.839668749999999658e-02 9.682625000000000259e-02 2.695075000000000335e-03 2.987054370407622894e+00
8.151666249999999891e+00 -3.788623750000000290e-02 1.500537500000000135e-01 2.579075000000000117e-03 2.967781338100000443e+00
8.448538750000000874e+00 -2.112053749999999799e-02 6.302625000000000588e-02 3.356175000000000304e-03 2.130829544124646979e+00
8.059296249999999162e+00 -3.501221250000000063e-02 1.567637500000000073e-01 1.694875000000000201e-03 2.291917293077370132e+00
8.098558750000000472e+00 -1.596258750000000004e-02 9.899375000000001923e-02 3.218750000000000582e-04 1.579533364977132148e+00
8.382568750000000790e+00 -1.788163749999999858e-02 7.389375000000000804e-02 1.343524999999999928e-03 2.521873098090440912e+00
8.157411249999999114e+00 -4.965236250000000517e-02 1.602137500000000159e-01 6.159925000000000990e-03 2.873603188589802127e+00
7.660213750000000488e+00 -4.255698750000000419e-02 2.168662500000000382e-01 1.803574999999999970e-03 1.336283298045064738e+00
7.461081250000000331e+00 -3.503548750000000378e-02 2.146687500000000193e-01 2.231750000000000443e-04 2.250037811301733193e+00
7.720498749999999966e+00 -4.039328749999999968e-02 2.037587500000000162e-01 2.205374999999999870e-03 2.906778725110600980e+00
7.456543749999999804e+00 -4.686023749999999877e-02 2.484437500000000187e-01 1.526475000000000011e-03 1.691089800932772391e+00
7.703391250000000134e+00 -1.986211249999999748e-02 1.430037500000000128e-01 1.029750000000000093e-04 1.965648002925996396e+00
7.754083750000000386e+00 -3.585588750000000269e-02 1.964912500000000062e-01 1.589250000000000547e-04 2.914218555660460286e+00
7.582108749999999731e+00 -3.324173750000000011e-02 2.068912500000000265e-01 2.143250000000000190e-04 2.337138093994864718e+00
7.241781249999999837e+00 -3.328898749999999879e-02 2.215737500000000137e-01 5.833750000000000177e-04 2.864498642513018556e+00
8.331793749999999221e+00 -4.874078750000000043e-02 1.511537500000000311e-01 5.593624999999999639e-03 2.914937589705332233e+00
7.623246250000000224e+00 -4.387421250000000245e-02 2.287487500000000007e-01 9.634750000000000952e-04 2.160785506444619308e+00
8.092693750000000463e+00 -4.186871250000000211e-02 1.672037500000000121e-01 2.936775000000000409e-03 2.549110909040625650e+00
7.784286250000000074e+00 -2.686158749999999554e-02 1.424262500000000320e-01 2.078675000000000314e-03 2.590813887717125397e+00
7.553166250000000304e+00 -3.945301249999999538e-02 2.167537500000000228e-01 1.324025000000000375e-03 1.444559961775988333e+00
7.680178749999999610e+00 -4.982981250000000084e-02 2.380687500000000234e-01 2.529824999999999869e-03 2.387671809965318470e+00
8.113926250000000451e+00 -3.021371249999999994e-02 1.185237500000000110e-01 3.357175000000000003e-03 2.634591960691993417e+00
8.032266249999999275e+00 -3.253998749999999912e-02 1.543512499999999954e-01 1.156475000000000124e-03 2.463353183065118746e+00
7.963453750000000220e+00 -2.358943749999999756e-02 1.200462500000000210e-01 1.636425000000000379e-03 2.943140557488924003e+00
7.530846249999999742e+00 -4.392041249999999869e-02 2.293462500000000293e-01 1.358425000000000344e-03 2.955791426780907560e+00
8.186233749999999532e+00 -1.797858749999999700e-02 9.093875000000001263e-02 8.580750000000001354e-04 2.714468163839260040e+00
7.884103750000000410e+00 -2.059728749999999858e-02 1.276737500000000303e-01 7.683750000000000692e-04 2.059242045535139898e+00
7.371658749999999927e+00 -3.798598749999999857e-02 2.200287500000000229e-01 1.617175000000000210e-03 2.749271594305016553e+00
7.052751250000000027e+00 -4.702333750000000506e-02 2.845087500000000325e-01 9.099750000000001501e-04 2.129786109511353498e+00
7.486363749999999762e+00 -4.120196250000000143e-02 2.444537500000000252e-01 3.351250000000000279e-04 2.834194021774414374e+00
8.461393749999999159e+00 -1.660938749999999603e-02 3.904375000000000207e-02 3.713175000000000416e-03 2.771438841621190807e+00
7.976503750000000004e+00 -4.566008750000000171e-02 1.757737500000000064e-01 4.295075000000000628e-03 2.958860944523573178e+00
7.429873750000000499e+00 -2.661308750000000029e-02 1.889262500000000178e-01 1.448250000000000373e-04 2.903614770306118587e+00
8.477916249999999820e+00 -4.189706249999999854e-02 1.029037500000000160e-01 6.711875000000000827e-03 2.880647384206222128e+00
7.050816250000000451e+00 -4.939353750000000098e-02 2.916387500000000577e-01 7.764750000000001035e-04 2.553201663608622773e+00
7.868323750000000061e+00 -2.643406249999999749e-02 1.618362500000000148e-01 1.350750000000000171e-04 2.682179751222279585e+00
8.186653749999999619e+00 -1.792976249999999466e-02 7.960375000000000090e-02 2.175925000000000428e-03 2.408058285163313883e+00
8.225743749999999466e+00 -3.112371250000000103e-02 1.170687499999999992e-01 3.409325000000000376e-03 2.173666440885491991e+00
7.592128750000000537e+00 -4.631406250000000280e-02 2.306762500000000271e-01 1.815075000000000195e-03 2.592991067447423248e+00
7.977156250000000171e+00 -3.281403750000000397e-02 1.546562499999999951e-01 2.214575000000000311e-03 2.036973858361966094e+00
7.998298750000000013e+00 -2.504351250000000015e-02 1.315312500000000162e-01 1.526825000000000101e-03 2.651383975998169884e+00
7.258251249999999821e+00 -4.812916250000000284e-02 2.788087500000000496e-01 1.462250000000000171e-04 2.336656128718850312e+00
7.762986249999999977e+00 -2.943181250000000138e-02 1.733187500000000214e-01 4.510750000000001087e-04 1.268972171679528582e+00
7.521403750000000166e+00 -4.885611249999999989e-02 2.578637500000000027e-01 8.726749999999999481e-04 1.781443925655900928e+00
7.783678749999999980e+00 -4.127458750000000121e-02 2.048862500000000197e-01 1.434775000000000330e-03 1.865328229040690289e+00
7.779133749999999736e+00 -3.612888749999999816e-02 1.848737500000000034e-01 1.406975000000000413e-03 2.090102445253733343e+00
7.151278750000000350e+00 -3.851413750000000358e-02 2.479962500000000292e-01 5.186250000000000972e-04 2.145471896778284648e+00
7.569958749999999625e+00 -3.758978749999999924e-02 2.206312500000000010e-01 6.450250000000000254e-04 2.492809625618341851e+00
7.768326250000000321e+00 -2.403568749999999976e-02 1.482312500000000088e-01 7.654750000000000529e-04 1.846360231661338780e+00
8.017356250000000628e+00 -3.764036249999999639e-02 1.472837499999999911e-01 3.995825000000000592e-03 2.580521042100447637e+00
7.882776250000000040e+00 -2.951318749999999949e-02 1.521612500000000257e-01 1.242775000000000216e-03 2.736484066531902570e+00
7.878876250000000248e+00 -3.201743749999999555e-02 1.689037500000000191e-01 7.090750000000000915e-04 2.087984512933168002e+00
7.618588749999999798e+00 -3.931878750000000061e-02 2.141787500000000288e-01 1.519025000000000019e-03 2.880842823853202450e+00
7.668921250000000356e+00 -2.952298750000000027e-02 1.768537500000000318e-01 8.532250000000000988e-04 2.186823988860069345e+00
7.653748750000000101e+00 -4.447586250000000463e-02 2.318037500000000306e-01 1.200725000000000143e-03 2.298699732270888862e+00
8.289958750000000265e+00 -4.719746250000000226e-02 1.469812500000000077e-01 5.818875000000001130e-03 2.429703443737802449e+00
7.930033749999999770e+00 -4.474256249999999935e-02 1.749112500000000181e-01 4.729425000000000642e-03 2.547472294732401110e+00
7.264723749999999924e+00 -4.017611249999999967e-02 2.483937500000000242e-01 1.254750000000000006e-04 2.419932003662049080e+00
7.902538749999999723e+00 -4.351108750000000358e-02 1.946962500000000151e-01 2.428475000000000251e-03 2.113784475924876727e+00
7.946406249999999893e+00 -4.644933750000000000e-02 1.893187500000000356e-01 3.846675000000000788e-03 1.832189277673826222e+00
7.014906250000000121e+00 -4.955873750000000522e-02 3.031037500000000051e-01 5.211250000000001038e-04 2.200780540849030409e+00
7.547023750000000142e+00 -4.734673749999999959e-02 2.339687500000000031e-01 2.216575000000000142e-03 2.629492981640297433e+00
8.431093750000000497e+00 -3.505631249999999893e-02 8.655875000000001762e-02 6.205825000000000750e-03 2.976815811791224675e+00
8.291136250000000985e+00 -4.142403750000000356e-02 1.259462500000000096e-01 5.749825000000000942e-03 2.259613002600357134e+00
8.486136249999999492e+00 -3.968576249999999916e-02 9.646875000000001976e-02 6.587175000000000669e-03 2.541588913486233725e+00
7.656111250000000368e+00 -3.831971249999999857e-02 2.122462500000000252e-01 9.254750000000000389e-04 2.001216572693127915e+00
8.239281249999999446e+00 -1.831441249999999493e-02 8.129625000000001434e-02 1.712425000000000275e-03 2.445801063558235011e+00
7.115391250000000056e+00 -4.953598750000000328e-02 2.799487500000000240e-01 1.850375000000000240e-03 2.598130042118405036e+00
8.266903750000000883e+00 -1.795776249999999491e-02 6.831624999999999504e-02 2.658175000000000468e-03 2.705456963972357798e+00
8.192533750000000836e+00 -3.574528750000000032e-02 1.397062500000000318e-01 2.762375000000000507e-03 2.362632640828939756e+00
7.450228749999999955e+00 -4.088783749999999606e-02 2.346887500000000015e-01 6.942750000000000570e-04 1.664112253864252100e+00
7.065178750000000285e+00 -4.237953750000000158e-02 2.675887500000000419e-01 5.313750000000000548e-04 2.406067016088745625e+00
7.305516250000000156e+00 -3.927888749999999818e-02 2.394237500000000185e-01 5.959750000000001071e-04 1.928500932849638083e+00
7.350538750000000121e+00 -4.498581249999999976e-02 2.421137500000000164e-01 2.282525000000000092e-03 2.796119213479370202e+00
7.136496250000000430e+00 -4.525023749999999845e-02 2.738087500000000452e-01 6.326250000000000493e-04 1.849477967578222470e+00
7.438041250000000382e+00 -4.613258750000000241e-02 2.385387500000000216e-01 2.120925000000000067e-03 2.591870634605411894e+00
7.875043749999999676e+00 -1.828868749999999765e-02 1.052362500000000034e-01 1.823975000000000032e-03 2.961480725570587502e+00
8.000953750000000753e+00 -4.208063750000000380e-02 1.761662500000000242e-01 3.023725000000000544e-03 2.055644632206826028e+00
7.491748750000000179e+00 -4.474238750000000125e-02 2.435187500000000060e-01 7.567750000000001125e-04 2.168676231440036517e+00
7.740666250000000304e+00 -3.111671250000000097e-02 1.644412500000000110e-01 1.998975000000000057e-03 2.447115884298168620e+00
7.912468750000000384e+00 -3.742808749999999851e-02 1.819012500000000143e-01 1.510175000000000319e-03 2.437564396867458960e+00
7.736646249999999725e+00 -1.683478749999999663e-02 1.252862500000000157e-01 4.240250000000000204e-04 2.478472838477437712e+00
8.369953750000000525e+00 -4.748411250000000167e-02 1.384112500000000134e-01 6.225525000000000850e-03 2.697163018234387977e+00
8.033781250000000540e+00 -3.119668750000000046e-02 1.351062500000000111e-01 3.054975000000000572e-03 2.812715801362211110e+00
7.887561250000000079e+00 -3.393578749999999478e-02 1.520312500000000067e-01 2.977024999999999897e-03 2.749862710152661371e+00
7.457091250000000393e+00 -2.975818749999999818e-02 1.911312500000000303e-01 4.818750000000000984e-04 2.831962824010249236e+00
7.911793750000000180e+00 -4.586833750000000182e-02 1.765612500000000029e-01 4.960275000000000968e-03 2.551710167641912275e+00
7.577061249999999859e+00 -4.750353750000000513e-02 2.457362500000000172e-01 1.903025000000000246e-03 2.703860368507575274e+00
8.422806250000000716e+00 -4.125778750000000383e-02 1.018837500000000090e-01 7.051675000000000304e-03 2.984909813389817757e+00
7.826016250000000340e+00 -4.045348750000000299e-02 1.989837500000000148e-01 1.571675000000000242e-03 2.251365857282295657e+00
7.613991249999999766e+00 -3.367696249999999752e-02 2.007212500000000177e-01 4.857500000000000842e-05 2.181584848429769075e+00
7.503036250000000074e+00 -4.583263750000000220e-02 2.458762500000000184e-01 1.558475000000000355e-03 2.068479155132064484e+00
8.348916250000000261e+00 -1.752656249999999527e-02 5.593125000000000180e-02 3.084175000000000198e-03 2.943387284634937373e+00
7.869066250000000373e+00 -4.903198750000000578e-02 2.133737500000000287e-01 2.621775000000000667e-03 2.574294114788067578e+00
8.489698750000000516e+00 -2.646416249999999568e-02 7.931124999999999980e-02 3.213725000000000609e-03 2.768554972130055969e+00
7.999581250000000310e+00 -2.105211249999999756e-02 1.236712500000000103e-01 9.527500000000001191e-05 2.798854360150853093e+00
7.713531249999999950e+00 -2.848226249999999751e-02 1.735012499999999958e-01 7.173250000000001023e-04 2.835259069608010662e+00
7.692328749999999715e+00 -3.800383749999999838e-02 2.142587499999999978e-01 7.567500000000000984e-05 2.243972879469775528e+00
7.448773749999999971e+00 -4.683468749999999958e-02 2.593537500000000495e-01 3.857250000000000110e-04 1.996980152012844512e+00
7.695613749999999698e+00 -4.567041250000000024e-02 2.162537500000000223e-01 3.031575000000000328e-03 2.908245936963607559e+00
7.740456250000000260e+00 -3.397726250000000087e-02 1.855312500000000364e-01 8.682750000000000580e-04 1.869836086931540020e+00
8.212573750000000672e+00 -3.335093749999999690e-02 1.400512500000000160e-01 1.643975000000000427e-03 2.999412349683312495e+00
7.708303749999999788e+00 -3.576313750000000014e-02 1.879487499999999978e-01 1.797425000000000281e-03 2.015850335688233130e+00
7.530456250000000296e+00 -4.954823750000000165e-02 2.278387500000000343e-01 3.802825000000000129e-03 2.863545340282249718e+00
7.792993749999999942e+00 -3.799333750000000176e-02 1.957712500000000078e-01 1.766025000000000060e-03 2.945133721415708727e+00
8.043463750000000800e+00 -2.129658749999999851e-02 1.258037499999999920e-01 6.987500000000000438e-05 2.200849649771103866e+00
7.416553750000000278e+00 -3.842628750000000315e-02 2.268912500000000165e-01 4.480750000000000358e-04 2.678487296452501276e+00
7.615888749999999874e+00 -4.968526250000000061e-02 2.434437500000000143e-01 1.620125000000000037e-03 2.745254610860183853e+00
8.323686249999999731e+00 -1.526311249999999509e-02 6.329375000000000973e-02 1.892775000000000186e-03 2.118644667764349343e+00
8.434491250000000662e+00 -3.148456249999999346e-02 9.537375000000000713e-02 4.210875000000001075e-03 2.933003529149331712e+00
8.182948749999999549e+00 -4.492963750000000117e-02 1.472137500000000321e-01 5.582525000000000508e-03 2.598523135373500992e+00
8.299558749999999208e+00 -3.232561249999999636e-02 1.072987499999999983e-01 3.955425000000000260e-03 2.576368143883133843e+00
7.887253750000000174e+00 -2.608441250000000100e-02 1.476537500000000280e-01 8.058750000000000592e-04 1.450842415243449812e+00
8.200386250000001098e+00 -1.675393749999999626e-02 9.506375000000000242e-02 2.687750000000000143e-04 2.373713626887702599e+00
7.654641250000000063e+00 -3.614323750000000141e-02 1.927237500000000270e-01 1.320725000000000024e-03 2.722421862973262385e+00
8.050131249999999739e+00 -2.810793749999999924e-02 1.361412499999999914e-01 1.440474999999999872e-03 1.823728625163273831e+00
8.020978750000001156e+00 -1.624678749999999838e-02 9.286625000000001129e-02 1.257124999999999996e-03 2.767255445218865351e+00
8.353078749999999886e+00 -3.821383750000000024e-02 1.124837500000000212e-01 5.357775000000000384e-03 2.461780909801905892e+00
7.378408750000000182e+00 -3.229533750000000009e-02 2.158912500000000345e-01 8.692500000000002579e-05 2.464417661607880117e+00
7.680351250000000185e+00 -2.139651249999999574e-02 1.360912499999999969e-01 1.320025000000000278e-03 2.843861908108108683e+00
7.479718749999999972e+00 -4.269471250000000245e-02 2.516637500000000194e-01 1.829250000000000418e-04 2.927600339134029728e+00
7.743808750000000352e+00 -2.894233749999999827e-02 1.720262500000000194e-01 1.864750000000000196e-04 2.165717932411372892e+00
8.456136250000000132e+00 -2.230406249999999577e-02 7.052625000000001254e-02 2.622625000000000824e-03 2.760064373395717752e+00
8.133576250000000840e+00 -2.207708749999999845e-02 1.159012500000000112e-01 3.293250000000000496e-04 2.828675936951311254e+00
7.485493749999999835e+00 -4.543678749999999905e-02 2.296837500000000198e-01 2.704874999999999814e-03 2.325917391226494324e+00
7.959576249999999575e+00 -2.458816249999999995e-02 1.285862500000000130e-01 1.619774999999999947e-03 1.948649529786526058e+00
8.083161249999999853e+00 -4.985571250000000315e-02 1.764362500000000167e-01 5.075025000000001237e-03 2.879980392245530485e+00
7.316548749999999934e+00 -4.505441250000000175e-02 2.507962500000000539e-01 1.758975000000000078e-03 2.482924250717723602e+00
8.256756250000000463e+00 -2.808816249999999612e-02 1.123012500000000191e-01 2.708424999999999982e-03 2.924150479401585123e+00
8.319898750000000121e+00 -1.756471249999999595e-02 6.361875000000000169e-02 2.540875000000000165e-03 2.830214706469904584e+00
7.954071250000000148e+00 -4.840531250000000563e-02 2.017037500000000150e-01 3.359125000000000565e-03 2.690089466218018810e+00
7.713261250000000402e+00 -1.734823749999999526e-02 1.280912499999999898e-01 4.670750000000000097e-04 2.453329459985275296e+00
7.315506250000000321e+00 -4.219403750000000342e-02 2.516537500000000094e-01 6.463250000000001112e-04 1.496054117403255779e+00
7.332021250000000379e+00 -2.510773750000000124e-02 1.868537500000000129e-01 9.922500000000001306e-05 2.830760667822531662e+00
7.942033750000000225e+00 -3.688296249999999804e-02 1.677637500000000170e-01 1.924025000000000431e-03 2.994680712437778780e+00
7.621303750000000043e+00 -4.797673750000000514e-02 2.428362500000000312e-01 1.989825000000000187e-03 2.685896153127095509e+00
8.184988750000000479e+00 -1.654918749999999272e-02 8.622625000000000428e-02 9.921250000000001682e-04 2.219572951511791015e+00
7.396633750000000340e+00 -4.507488750000000072e-02 2.626412500000000483e-01 4.870250000000000880e-04 2.441029519265299985e+00
7.159543750000000095e+00 -4.913016250000000473e-02 2.695587500000000136e-01 2.285675000000000467e-03 2.535149815854167432e+00
7.850871249999999968e+00 -3.172973749999999371e-02 1.671837500000000198e-01 6.881750000000000714e-04 2.970240199671048131e+00
7.238398749999999993e+00 -3.571676249999999886e-02 2.359237500000000154e-01 1.702250000000000312e-04 2.033310792517413201e+00
7.708941250000000522e+00 -4.410066249999999854e-02 2.043712500000000043e-01 2.818424999999999837e-03 2.672447024819349704e+00
7.454316249999999755e+00 -3.642866250000000028e-02 2.138662500000000355e-01 7.836250000000000333e-04 2.615281536924868533e+00
7.702416249999999742e+00 -3.158623750000000285e-02 1.803587500000000121e-01 1.233375000000000096e-03 2.883760740645274989e+00
8.262253749999999286e+00 -1.504051249999999867e-02 6.564375000000000071e-02 1.974775000000000228e-03 2.292882335723125831e+00
8.228893750000001006e+00 -1.980663749999999820e-02 9.951875000000001692e-02 1.078225000000000147e-03 2.960260473730895292e+00
8.120158749999999870e+00 -4.285868749999999922e-02 1.507762500000000006e-01 4.953475000000000586e-03 2.379324204566951373e+00
7.532301249999999726e+00 -3.784633750000000046e-02 2.160337500000000244e-01 8.578250000000001022e-04 1.632580042282772759e+00
7.785493750000000546e+00 -3.582176249999999978e-02 1.994487500000000080e-01 7.077500000000001271e-05 2.573183531099082266e+00
8.021946249999999168e+00 -4.205666250000000134e-02 1.745712500000000111e-01 3.095625000000000286e-03 2.281325030669492993e+00
8.016283749999999486e+00 -2.773676249999999788e-02 1.457762499999999961e-01 8.839250000000001403e-04 2.632508697249452023e+00
7.973608750000000356e+00 -2.786643749999999711e-02 1.404212499999999975e-01 1.869675000000000113e-03 2.733019019496547575e+00
7.384566249999999776e+00 -4.015843750000000489e-02 2.450012500000000037e-01 1.207750000000000219e-04 1.272301660208961405e+00
7.470786249999999740e+00 -3.105493750000000094e-02 1.909737499999999977e-01 8.945750000000001010e-04 2.864666917378676736e+00
8.352036249999999384e+00 -3.970466250000000141e-02 1.183937500000000198e-01 5.166075000000000875e-03 2.878097456141097688e+00
7.589931250000000240e+00 -4.487433749999999999e-02 2.370187500000000003e-01 1.475474999999999964e-03 2.228259631682873998e+00
7.285491249999999752e+00 -3.995316250000000013e-02 2.482537500000000230e-01 1.501750000000000047e-04 1.709829753341052472e+00
7.887163750000000029e+00 -2.245158749999999828e-02 1.404162500000000202e-01 2.613250000000000230e-04 1.371906345206786559e+00
8.048323749999999777e+00 -2.245456249999999709e-02 1.268612500000000087e-01 6.273750000000000030e-04 2.479320916972489020e+00
7.947936249999999703e+00 -3.557938750000000372e-02 1.571512500000000201e-01 2.970475000000000199e-03 1.758279492954157641e+00
7.967878749999999677e+00 -2.849783749999999782e-02 1.462512499999999993e-01 7.739250000000000686e-04 2.827302990256609583e+00
7.978708750000000016e+00 -3.866883749999999731e-02 1.595262500000000083e-01 3.595275000000000207e-03 2.026085306291355081e+00
8.291803749999999695e+00 -3.997416250000000032e-02 1.224412500000000015e-01 5.369875000000000516e-03 2.732628603451195737e+00
7.603543750000000045e+00 -4.121613749999999965e-02 2.251612500000000350e-01 1.086525000000000078e-03 1.937743036029077937e+00
7.764141249999999772e+00 -3.180446249999999836e-02 1.803912500000000030e-01 7.764250000000000752e-04 1.640327008355448868e+00
7.516903749999999995e+00 -4.612541250000000426e-02 2.491187499999999999e-01 1.212324999999999991e-03 2.119031329787381068e+00
7.287838749999999699e+00 -4.734463750000000165e-02 2.722137500000000321e-01 1.070675000000000099e-03 2.622067480027254760e+00
8.196163750000000192e+00 -2.511333749999999920e-02 9.658374999999999599e-02 2.940424999999999983e-03 2.908626043544914719e+00
8.071386249999999762e+00 -3.381853750000000242e-02 1.564237500000000280e-01 1.226825000000000181e-03 2.599885463327899604e+00
7.346661250000000365e+00 -4.208641250000000333e-02 2.487287499999999985e-01 4.285750000000000497e-04 1.798456290156574600e+00
7.175608750000000313e+00 -4.699131250000000010e-02 2.646437500000000109e-01 1.784325000000000017e-03 2.447782213534253071e+00
8.403508750000000305e+00 -3.042598749999999783e-02 1.019862500000000005e-01 3.002125000000000019e-03 2.800420718410753462e+00
8.224903749999999292e+00 -2.986686250000000070e-02 1.211612499999999981e-01 2.679425000000000470e-03 2.894775766428992814e+00
7.934406250000000327e+00 -1.838563749999999608e-02 1.028862500000000124e-01 1.821875000000000144e-03 2.945895910362631209e+00
7.919361249999999686e+00 -2.038133749999999911e-02 1.200612500000000082e-01 7.628750000000000982e-04 2.793719367338332038e+00
7.611883750000000504e+00 -3.786523749999999577e-02 2.069987500000000091e-01 9.883750000000001042e-04 2.224779087829551472e+00
8.172111250000000382e+00 -2.986721249999999689e-02 1.229837500000000028e-01 2.416875000000000186e-03 2.245958889043401019e+00
7.903611249999999977e+00 -3.014371249999999933e-02 1.648112500000000202e-01 1.123675000000000194e-03 2.910069105352281582e+00
8.027398749999999694e+00 -2.056806249999999781e-02 1.175562500000000010e-01 8.606250000000001702e-04 1.669136329601873525e+00
8.354653750000000656e+00 -3.255223749999999749e-02 1.043512500000000065e-01 4.403725000000000694e-03 2.654567898361512857e+00
8.139261250000000558e+00 -3.623773749999999877e-02 1.428437499999999916e-01 2.980725000000000041e-03 2.484522694413259014e+00
7.798311250000000250e+00 -3.469563750000000113e-02 1.774062500000000153e-01 1.980625000000000181e-03 2.602927624260017225e+00
7.811766249999999800e+00 -3.829101249999999901e-02 1.935662499999999953e-01 1.529575000000000249e-03 2.162431366681446310e+00
8.269543750000000415e+00 -3.450261250000000168e-02 1.147087499999999982e-01 4.535875000000000844e-03 2.345156355840579909e+00
7.890366250000000470e+00 -3.052293749999999972e-02 1.571137499999999965e-01 9.756250000000001466e-04 2.933436008587360533e+00
7.707328750000000284e+00 -3.911508749999999951e-02 1.844037500000000329e-01 3.240525000000000176e-03 2.891341298231398405e+00
7.708018749999999919e+00 -3.947786250000000219e-02 2.126662500000000011e-01 9.040250000000001410e-04 2.342895103352940822e+00
8.164476249999999879e+00 -4.081206250000000285e-02 1.533412500000000123e-01 3.474774999999999826e-03 2.464608155445067172e+00
8.117616250000001088e+00 -2.834278750000000097e-02 1.250112500000000182e-01 2.513925000000000187e-03 2.466031676726788913e+00
7.192513749999999817e+00 -4.937761250000000102e-02 2.985187500000000549e-01 8.287499999999999511e-05 2.596195862475448646e+00
8.371011250000000459e+00 -2.915863750000000088e-02 1.050262500000000154e-01 2.456875000000000291e-03 2.863403858991446782e+00
8.284003750000000110e+00 -4.600606250000000008e-02 1.319862500000000272e-01 6.748575000000001448e-03 2.881716312447722750e+00
7.421946250000000411e+00 -3.369183750000000199e-02 2.056162500000000004e-01 1.171725000000000197e-03 2.968865580303131413e+00
7.529608749999999517e+00 -4.669801250000000375e-02 2.537262500000000420e-01 9.483750000000001077e-04 2.549516239181544464e+00
8.126691250000000366e+00 -2.717921249999999747e-02 1.139712500000000100e-01 2.624175000000000292e-03 2.403404278093073554e+00
7.930108750000000484e+00 -3.594181250000000327e-02 1.736387500000000084e-01 2.109375000000000139e-03 2.813962606872257854e+00
7.506373749999999845e+00 -4.392601250000000013e-02 2.375112500000000071e-01 1.610175000000000365e-03 2.369189114125311857e+00
7.425583750000000371e+00 -4.569578750000000134e-02 2.501837500000000380e-01 6.971250000000001534e-04 2.830421060658951049e+00
7.350306250000000041e+00 -3.639086250000000272e-02 2.260312500000000169e-01 6.151250000000001118e-04 1.822305974036478871e+00
7.820331250000000622e+00 -3.024346249999999847e-02 1.742437500000000306e-01 4.071249999999999891e-04 2.112882797125417600e+00
8.146386249999999052e+00 -2.363511249999999606e-02 9.940124999999999655e-02 2.570575000000000724e-03 2.565681897393540911e+00
7.590921250000000065e+00 -3.834298750000000172e-02 2.270837500000000286e-01 1.927500000000000095e-05 2.566023888474873171e+00
8.022628750000000863e+00 -2.838723749999999893e-02 1.463337500000000124e-01 9.539250000000001070e-04 2.553450282605782551e+00
7.728471250000000126e+00 -4.681106250000000024e-02 1.940312500000000162e-01 4.744375000000001195e-03 2.989825510179803025e+00
7.861521250000000016e+00 -4.263433750000000105e-02 1.963687500000000363e-01 2.725475000000000640e-03 2.517575751096445824e+00
8.290956250000000693e+00 -1.854628750000000131e-02 6.960125000000000339e-02 2.616725000000000301e-03 2.558165010392755345e+00
7.933483750000000612e+00 -1.845983749999999951e-02 1.102412500000000128e-01 1.225474999999999958e-03 2.396868797326212164e+00
8.084233749999999219e+00 -4.520071250000000374e-02 1.728512500000000118e-01 3.758725000000000521e-03 2.449049700681821040e+00
7.379548749999999657e+00 -3.687718749999999851e-02 2.191587500000000133e-01 1.230325000000000212e-03 2.314109996413295622e+00
7.820046249999999866e+00 -1.980103749999999677e-02 1.264612500000000250e-01 9.142250000000000636e-04 2.383260129486064471e+00
7.783296250000000249e+00 -3.085928749999999887e-02 1.770412500000000111e-01 1.281750000000000391e-04 2.378603725117827139e+00
8.314363750000000053e+00 -4.082518749999999863e-02 1.234587500000000060e-01 5.422725000000000635e-03 2.723062729580534302e+00
7.775023749999999900e+00 -4.488518749999999974e-02 1.923187500000000105e-01 3.848875000000000733e-03 2.833213663229617207e+00
8.231173749999999956e+00 -4.481028750000000394e-02 1.599562500000000220e-01 3.721925000000000493e-03 2.847990449083002140e+00
8.213008750000000191e+00 -2.379961249999999751e-02 1.144412500000000082e-01 6.043750000000000944e-04 2.682427010682979951e+00
8.344536250000000877e+00 -2.143763749999999871e-02 8.403874999999999540e-02 1.713824999999999984e-03 2.735508952132249316e+00
7.789536250000000273e+00 -2.616141249999999821e-02 1.666937500000000294e-01 2.442500000000000416e-05 2.137400568360545261e+00
7.131553750000000136e+00 -4.644618749999999963e-02 2.879112500000000074e-01 1.882750000000000363e-04 2.134521195402161453e+00
7.524298749999999814e+00 -4.716613750000000355e-02 2.348512500000000114e-01 2.756625000000000394e-03 2.537666804190645387e+00
8.332956250000000509e+00 -1.726896249999999855e-02 6.597125000000000905e-02 2.298575000000000184e-03 2.199995704464276169e+00
7.818816250000000245e+00 -2.795883750000000001e-02 1.665812500000000140e-01 4.872250000000000387e-04 2.083277123344839055e+00
7.831761249999999563e+00 -2.803811250000000019e-02 1.545237500000000153e-01 8.874750000000000911e-04 2.516756243893071066e+00
7.609476250000000164e+00 -3.607341249999999888e-02 2.124637500000000068e-01 3.132250000000000377e-04 1.807778068770697022e+00
8.125933749999999733e+00 -4.789063749999999953e-02 1.764962500000000212e-01 4.432725000000001074e-03 2.836152823617424712e+00
7.561363749999999939e+00 -4.595828750000000018e-02 2.532762500000000361e-01 1.239250000000000171e-04 2.457083706635254661e+00
8.361238750000000053e+00 -3.771141249999999945e-02 1.065337500000000104e-01 5.711375000000001173e-03 2.528884583548259180e+00
8.423983749999999660e+00 -1.690268749999999237e-02 6.458875000000000033e-02 1.920675000000000160e-03 2.838192374781159266e+00
7.986276250000000410e+00 -3.681996249999999749e-02 1.409487500000000115e-01 4.543825000000000468e-03 2.786836785347468037e+00
8.048676249999999754e+00 -3.285008749999999977e-02 1.457162499999999916e-01 2.404125000000000446e-03 1.934600254201782166e+00
8.332551249999999854e+00 -3.477876250000000447e-02 1.046187500000000103e-01 4.872275000000000564e-03 2.813543679300260170e+00
7.547901249999999784e+00 -4.272498749999999873e-02 2.392287500000000178e-01 9.218750000000000598e-04 2.662717319124070059e+00
7.983418750000000230e+00 -3.436261250000000045e-02 1.638487500000000152e-01 1.792525000000000325e-03 2.548165171668343998e+00
8.355913749999999141e+00 -1.624748749999999770e-02 6.442125000000001322e-02 1.748325000000000009e-03 2.543337129895711257e+00
7.928226249999999808e+00 -4.564818749999999953e-02 1.925887500000000307e-01 3.582925000000000259e-03 2.303497929147348522e+00
7.842943749999999881e+00 -2.032481249999999739e-02 1.297287500000000038e-01 8.296749999999999872e-04 2.804546990228976355e+00
7.376736250000000439e+00 -3.918666249999999684e-02 2.342187500000000311e-01 6.245250000000001234e-04 1.740450805094258646e+00
7.855911250000000123e+00 -3.990346250000000039e-02 1.730212500000000153e-01 3.552125000000000594e-03 2.171584307079126308e+00
8.340238750000001033e+00 -3.965321249999999992e-02 1.321637500000000243e-01 3.950425000000000464e-03 2.946646971774997681e+00
8.407461250000000774e+00 -2.360676249999999962e-02 7.067375000000000740e-02 3.608625000000000287e-03 2.506104280172511967e+00
7.476193750000000193e+00 -3.948468750000000416e-02 2.273912500000000170e-01 2.854250000000000125e-04 2.862972264279214585e+00
7.585626249999999793e+00 -3.605276250000000182e-02 2.015487499999999987e-01 1.166375000000000094e-03 1.951982338516407678e+00
7.294588749999999955e+00 -4.593361249999999840e-02 2.728237500000000315e-01 1.948250000000000058e-04 1.509379292518895355e+00
7.743388750000000265e+00 -3.445693749999999972e-02 1.999962500000000143e-01 1.936750000000000320e-04 2.816037964881758171e+00
7.739713749999999948e+00 -3.068341249999999992e-02 1.617187500000000222e-01 1.885575000000000228e-03 2.548784707000793848e+00
8.276308750000000103e+00 -3.354938749999999970e-02 1.227337500000000026e-01 2.873675000000000014e-03 2.803936101096029532e+00
8.247756250000000122e+00 -3.351596249999999610e-02 1.160337500000000188e-01 3.880575000000000691e-03 2.622570859560668044e+00
7.782193750000000243e+00 -4.542348749999999824e-02 2.022987500000000272e-01 2.949774999999999966e-03 2.769911346093396176e+00
7.716433750000000202e+00 -3.155211249999999995e-02 1.763487499999999986e-01 7.597250000000000487e-04 2.749164240956909921e+00
7.665808750000000060e+00 -2.123463749999999692e-02 1.411687500000000095e-01 9.161750000000000839e-04 2.590416828198404353e+00
7.053081249999999969e+00 -4.551746250000000132e-02 2.833287500000000181e-01 6.758250000000000151e-04 2.943001276594433335e+00
8.116198750000000572e+00 -1.601193749999999666e-02 9.749625000000000652e-02 3.870750000000000709e-04 1.697916290583930676e+00
8.343958750000000535e+00 -1.513623749999999657e-02 5.879125000000000323e-02 1.956225000000000238e-03 2.687693847008362003e+00
8.120391250000000838e+00 -1.931558749999999491e-02 8.828375000000000805e-02 2.257574999999999946e-03 2.569081959074224653e+00
7.399573750000000061e+00 -3.731276249999999906e-02 2.084487500000000160e-01 2.116275000000000361e-03 2.730053064446278377e+00
8.104626250000000809e+00 -4.351388750000000083e-02 1.659737500000000310e-01 3.912725000000000578e-03 2.363145196221777322e+00
7.465543750000000145e+00 -4.863526250000000523e-02 2.629287500000000444e-01 5.066250000000000224e-04 2.627892009614162916e+00
7.869013750000000584e+00 -4.134458750000000182e-02 1.958287499999999959e-01 2.242324999999999874e-03 2.789324834044694779e+00
8.224056250000000290e+00 -4.894326250000000100e-02 1.636162500000000186e-01 5.542875000000000926e-03 2.990848893107655115e+00
7.802451249999999838e+00 -3.626223750000000245e-02 1.620737500000000164e-01 3.552075000000000024e-03 2.674514781509332639e+00
7.525851250000000547e+00 -4.341011250000000044e-02 2.469512500000000110e-01 4.747250000000000059e-04 2.681142746075176220e+00
7.162986250000000332e+00 -3.918456249999999891e-02 2.554037500000000405e-01 1.737750000000000362e-04 2.242626428066135436e+00
8.104176250000000081e+00 -2.536778749999999902e-02 1.267162500000000303e-01 7.031249999999999740e-04 2.590736510192704234e+00
7.583008750000000298e+00 -4.904773750000000071e-02 2.330637500000000140e-01 2.882124999999999704e-03 2.155205210409982808e+00
7.661496249999999897e+00 -2.820033750000000214e-02 1.779837499999999961e-01 1.124750000000000099e-04 1.598147307760330538e+00
7.593261250000000295e+00 -4.207433750000000305e-02 2.156087500000000157e-01 2.150475000000000216e-03 1.705724805441650727e+00
7.849776249999999678e+00 -2.003326249999999586e-02 1.322137500000000188e-01 4.837750000000000362e-04 2.509116207256703479e+00
7.297461249999999566e+00 -4.171348750000000022e-02 2.533637499999999987e-01 8.722500000000000598e-05 2.022654767191697900e+00
7.558393750000000466e+00 -4.757738750000000544e-02 2.215962500000000224e-01 3.586075000000000200e-03 2.550993199513232668e+00
7.674996250000000408e+00 -4.670588750000000122e-02 2.286587500000000217e-01 1.565374999999999926e-03 2.558737030221908348e+00
8.102781249999999602e+00 -2.177153749999999680e-02 1.150612500000000038e-01 7.667250000000001104e-04 1.818437320480422725e+00
8.169493750000000887e+00 -1.924733749999999952e-02 1.000637500000000069e-01 1.111675000000000120e-03 2.201105006470475356e+00
7.745721249999999891e+00 -3.860671250000000110e-02 2.015787500000000287e-01 1.314775000000000232e-03 1.932160548133585953e+00
7.564716250000000031e+00 -4.194028749999999944e-02 2.417762500000000259e-01 1.226750000000000139e-04 2.801904406996726049e+00
7.520713750000000530e+00 -4.718818749999999923e-02 2.429237500000000216e-01 2.005825000000000143e-03 1.444493104635609759e+00
8.079066250000000338e+00 -2.862226249999999875e-02 1.153362500000000013e-01 3.329275000000000463e-03 2.678497984514607744e+00
8.043088750000000786e+00 -3.423136250000000103e-02 1.381137500000000073e-01 3.671525000000000136e-03 2.446372068438469771e+00
7.134238749999999740e+00 -4.599941250000000315e-02 2.769637500000000085e-01 4.305749999999999899e-04 2.326303289177955591e+00
7.901886250000000445e+00 -2.211261249999999651e-02 1.288712499999999928e-01 1.010525000000000182e-03 1.794627704783005706e+00
7.479036250000000052e+00 -3.906328750000000183e-02 2.123287500000000105e-01 1.858225000000000024e-03 2.467673213989059811e+00
7.782748749999999660e+00 -3.841141249999999868e-02 1.978937500000000349e-01 1.099475000000000148e-03 1.818446280182809405e+00
7.948438750000000219e+00 -4.625508750000000002e-02 1.967687500000000200e-01 3.349625000000000605e-03 2.918928965304083523e+00
7.343721249999999756e+00 -3.781973749999999884e-02 2.322362500000000329e-01 5.060250000000001162e-04 1.878472782017575504e+00
8.234428749999999297e+00 -1.854541249999999697e-02 8.667125000000000523e-02 1.286475000000000249e-03 2.378661609393029952e+00
7.532001250000000425e+00 -4.487031250000000221e-02 2.443787500000000334e-01 5.023249999999999721e-04 2.153354803299260656e+00
8.036518749999999045e+00 -3.042283749999999745e-02 1.340812500000000129e-01 2.673524999999999947e-03 1.829322512072358409e+00
7.661083749999999526e+00 -4.945023750000000079e-02 2.353837500000000027e-01 2.296525000000000215e-03 1.812094404688085580e+00
7.434553750000000072e+00 -4.924846249999999953e-02 2.675712500000000382e-01 7.481750000000001203e-04 1.411768265366025510e+00
8.388696250000000632e+00 -2.400296249999999895e-02 7.821875000000000355e-02 3.024775000000000814e-03 2.707516210504050669e+00
7.648506250000000506e+00 -2.178098749999999792e-02 1.507187500000000124e-01 2.625750000000000263e-04 2.525480427393473004e+00
7.977688750000000439e+00 -4.882496249999999927e-02 1.791812500000000141e-01 5.413025000000000128e-03 2.328675351175055752e+00
8.428858749999999844e+00 -3.421368749999999931e-02 1.057087500000000180e-01 3.852375000000000330e-03 2.745972578841088918e+00
8.318526249999999678e+00 -1.956951249999999698e-02 7.003624999999999434e-02 2.988525000000000122e-03 2.587608625146029961e+00
8.404941250000000252e+00 -3.266878750000000442e-02 9.430125000000000313e-02 4.518125000000000439e-03 2.954091902819655502e+00
8.055426250000000010e+00 -1.839123749999999752e-02 9.453625000000001610e-02 1.668125000000000337e-03 2.736539689901037686e+00
7.754098749999999818e+00 -2.999881250000000291e-02 1.729437500000000072e-01 2.666750000000000175e-04 2.670736981682427569e+00
8.140011250000000587e+00 -4.489918749999999986e-02 1.699662500000000132e-01 3.517675000000000055e-03 2.561167667409426141e+00
7.373608749999999823e+00 -3.960193750000000346e-02 2.374062500000000409e-01 1.449250000000000126e-04 2.614877696109342953e+00
7.508083749999999945e+00 -3.887481250000000138e-02 2.009087500000000248e-01 2.612225000000000137e-03 2.938733808048059615e+00
7.416418750000000060e+00 -4.155056249999999896e-02 2.331562500000000093e-01 1.359825000000000053e-03 1.755928709510691466e+00
8.102098749999999683e+00 -4.292151250000000168e-02 1.439737500000000114e-01 5.654974999999999585e-03 2.927313022831781630e+00
8.124223750000000521e+00 -2.293983749999999738e-02 9.764625000000001775e-02 2.503975000000000731e-03 2.985360036226804237e+00
8.248063750000000027e+00 -3.674926250000000449e-02 1.334837500000000121e-01 3.369725000000000064e-03 2.382094107960900597e+00
8.026363749999999797e+00 -1.905028749999999882e-02 9.839375000000000204e-02 1.654125000000000213e-03 2.981365507605054255e+00
7.641861249999999828e+00 -4.723963750000000072e-02 2.279362500000000069e-01 2.475975000000000485e-03 1.539022237258033776e+00
8.034576250000000641e+00 -2.628408749999999738e-02 1.413162500000000321e-01 2.388750000000000194e-04 2.386298577799586429e+00
7.617171250000000171e+00 -4.258008750000000231e-02 2.164162500000000322e-01 2.227325000000000051e-03 2.101464400341124250e+00
8.371948749999999606e+00 -4.541211250000000421e-02 1.319662500000000072e-01 5.838575000000000362e-03 2.811987029928686432e+00
8.485866250000000832e+00 -2.335931249999999640e-02 5.525125000000000175e-02 4.613725000000000812e-03 2.863036740660727553e+00
8.337118750000000134e+00 -3.868983750000000443e-02 1.242687500000000111e-01 4.440825000000000675e-03 2.480859201081725196e+00
7.873731250000000514e+00 -2.307756249999999912e-02 1.511437500000000211e-01 5.417500000000000223e-05 2.938174580442059813e+00
7.892053750000000534e+00 -3.885416249999999738e-02 1.787537500000000168e-01 2.478324999999999972e-03 1.646697055133703014e+00
7.598353750000000240e+00 -3.139968750000000225e-02 2.000012500000000193e-01 1.851250000000000139e-04 2.939390234692317083e+00
7.562158750000000040e+00 -3.268401249999999814e-02 1.997962500000000086e-01 3.139250000000000547e-04 1.645691727371632940e+00
7.483446250000000077e+00 -3.447671249999999937e-02 2.098537500000000056e-01 4.326250000000001210e-04 2.009413175213724756e+00
7.326891250000000078e+00 -4.841966250000000194e-02 2.784512500000000390e-01 2.575250000000000390e-04 1.601383801029987675e+00
7.723431249999999970e+00 -4.167813750000000372e-02 2.217537500000000272e-01 3.922749999999999805e-04 2.496621745576875107e+00
8.081331249999999855e+00 -2.230301249999999680e-02 9.759125000000001826e-02 2.710474999999999950e-03 2.683012065058757223e+00
7.946953750000000483e+00 -4.820038750000000399e-02 2.055787500000000323e-01 2.629124999999999952e-03 2.554655790889814426e+00
8.066061250000000626e+00 -3.175301249999999686e-02 1.480437500000000295e-01 1.824574999999999938e-03 2.767166972154940119e+00
7.215028750000000102e+00 -4.180588749999999965e-02 2.602337500000000414e-01 9.207500000000000190e-05 1.876914070330733653e+00
8.174031250000000526e+00 -3.275156249999999769e-02 1.321412500000000156e-01 2.927574999999999969e-03 2.533041230827633772e+00
7.801858750000000065e+00 -3.925456249999999953e-02 1.970862500000000184e-01 1.930375000000000233e-03 2.562325969431112682e+00
7.621663749999999737e+00 -3.828121250000000170e-02 2.027837500000000126e-01 1.244625000000000072e-03 2.998731182283119523e+00
8.476101249999999254e+00 -2.706178750000000008e-02 8.004875000000000185e-02 3.470575000000000049e-03 2.567800516893310458e+00
8.319081249999999983e+00 -4.627398750000000227e-02 1.420637500000000164e-01 6.056825000000000056e-03 2.929081524166668782e+00
7.516911249999999711e+00 -4.503918750000000110e-02 2.347537500000000388e-01 1.603774999999999992e-03 2.220528332855659315e+00
8.237188749999999615e+00 -2.103093749999999582e-02 8.101125000000000687e-02 2.979074999999999866e-03 2.653092228861473778e+00
8.046688749999999501e+00 -4.118516249999999712e-02 1.467387500000000289e-01 5.091975000000001188e-03 2.963111621223517123e+00
8.458116249999999781e+00 -2.568961249999999683e-02 8.547375000000001499e-02 2.369925000000000156e-03 2.805620112076891104e+00
7.216483750000000086e+00 -4.458296250000000349e-02 2.541487500000000344e-01 1.545675000000000261e-03 2.685281782525427818e+00
8.315638749999999746e+00 -2.982591249999999930e-02 9.403875000000000428e-02 4.435875000000000581e-03 2.568724980623783516e+00
7.178893750000000296e+00 -4.612996250000000326e-02 2.773587499999999872e-01 3.576250000000000327e-04 1.589873603108482802e+00
8.027023749999999680e+00 -3.345383749999999989e-02 1.587587500000000040e-01 1.073074999999999940e-03 2.854429136411158918e+00
8.213496250000000387e+00 -4.064196250000000343e-02 1.416837499999999972e-01 4.656925000000000994e-03 2.451079489602253858e+00
8.064988749999999484e+00 -1.811491249999999664e-02 1.102337500000000192e-01 2.498750000000000428e-04 1.711721447277941177e+00
7.490143749999999656e+00 -2.899676249999999858e-02 1.922112500000000002e-01 1.560250000000000113e-04 1.868687525391646620e+00
8.100343750000000398e+00 -2.581351250000000000e-02 1.301912500000000084e-01 9.901750000000000395e-04 2.579096535882070995e+00
7.930701250000000258e+00 -2.466218749999999488e-02 1.434337500000000265e-01 6.562750000000001091e-04 2.004250925767565139e+00
7.664601250000000476e+00 -4.771073750000000280e-02 2.379412500000000208e-01 1.481275000000000213e-03 2.073435737781320842e+00
7.773546249999999880e+00 -2.776476249999999812e-02 1.622612500000000235e-01 8.467750000000000233e-04 1.600811346858919570e+00
8.044146250000000720e+00 -2.243146249999999897e-02 1.211112500000000036e-01 6.646250000000000682e-04 2.274568111242810886e+00
7.454833749999999704e+00 -4.268736249999999927e-02 2.419537500000000230e-01 5.038749999999999826e-04 1.892446615803668131e+00
8.133276249999999763e+00 -1.833471249999999581e-02 1.055337500000000095e-01 6.309249999999999537e-04 2.540250660940697625e+00
8.330001250000000468e+00 -4.021041250000000067e-02 1.338812500000000072e-01 4.061974999999999787e-03 2.864353250247691829e+00
7.676503750000000181e+00 -4.691903750000000345e-02 2.277687500000000198e-01 2.064124999999999988e-03 1.608704591708098652e+00
7.758058750000000003e+00 -4.319906250000000308e-02 2.141737499999999961e-01 1.555425000000000254e-03 2.152316480175016089e+00
7.335771250000000521e+00 -4.116118750000000159e-02 2.513187500000000352e-01 1.947250000000000304e-04 1.092196452509355042e+00
7.808863750000000437e+00 -3.274403750000000335e-02 1.845637500000000264e-01 5.533250000000001275e-04 2.578610602928536721e+00
7.694728750000000339e+00 -4.835001250000000445e-02 2.307637500000000175e-01 2.806724999999999932e-03 2.813788918163222963e+00
7.704126249999999843e+00 -3.545828749999999779e-02 1.849912499999999960e-01 1.460025000000000428e-03 2.802725537688947277e+00
8.349141250000000625e+00 -1.603153749999999822e-02 5.639625000000000887e-02 2.610375000000000282e-03 2.474384086440989172e+00
7.258648749999999872e+00 -3.232001249999999493e-02 2.153212500000000196e-01 5.345750000000000241e-04 2.652167239029783019e+00
7.814346249999999827e+00 -2.265406249999999885e-02 1.305812500000000098e-01 1.355224999999999833e-03 2.827786832279124418e+00
8.164978749999999508e+00 -1.977041249999999736e-02 1.047662500000000052e-01 1.075675000000000112e-03 2.696194034270336992e+00
7.945738750000000294e+00 -4.679461249999999906e-02 1.984712500000000157e-01 3.184225000000000597e-03 2.658664425743439530e+00
7.568571249999999750e+00 -3.886553750000000529e-02 2.062137500000000290e-01 1.999825000000000214e-03 2.099348228791465321e+00
7.455673749999999878e+00 -3.413756249999999604e-02 2.175087500000000285e-01 3.068750000000000189e-04 2.833093550440163977e+00
7.620441249999999833e+00 -4.543416249999999990e-02 2.302862500000000257e-01 2.074525000000000240e-03 1.944298624313863799e+00
7.471146250000000322e+00 -4.486786250000000115e-02 2.290662500000000268e-01 2.744174999999999739e-03 2.967883722736157637e+00
7.248996250000000252e+00 -4.691291250000000079e-02 2.717312500000000353e-01 6.447750000000001007e-04 1.791706341466318797e+00
7.566118750000000226e+00 -2.522183749999999669e-02 1.759062500000000140e-01 3.257499999999999898e-05 2.401409900299378730e+00
8.056926250000000067e+00 -1.715958749999999672e-02 1.080012500000000208e-01 3.646250000000000944e-04 1.835330484217919000e+00
7.945588749999999756e+00 -3.033743749999999809e-02 1.643487500000000157e-01 6.343250000000000364e-04 2.975212124661340773e+00
8.308828749999999985e+00 -3.471051249999999866e-02 1.074162500000000187e-01 4.742475000000000336e-03 2.783944923295084362e+00
7.507896249999999938e+00 -3.335146249999999812e-02 2.103162500000000379e-01 4.050750000000000206e-04 2.986267791840131469e+00
7.620366250000000008e+00 -4.336933750000000060e-02 2.015437500000000215e-01 3.666875000000000429e-03 2.933018783424747422e+00
8.037261250000000246e+00 -4.797148749999999989e-02 1.854387500000000133e-01 3.760975000000000169e-03 2.757655032746722856e+00
7.946316249999999748e+00 -3.133791249999999529e-02 1.542812500000000087e-01 1.427575000000000155e-03 2.216403609516112816e+00
8.339016250000000241e+00 -2.618311249999999771e-02 9.593375000000001207e-02 2.936874999999999816e-03 2.811907085106859050e+00
7.914223749999999669e+00 -3.564081250000000062e-02 1.635087500000000083e-01 2.114825000000000298e-03 2.984478211883870635e+00
7.831408749999999586e+00 -2.902073749999999758e-02 1.625237500000000224e-01 5.518750000000000652e-04 2.152045126776529482e+00
8.142568750000000577e+00 -2.235393749999999707e-02 9.513125000000000053e-02 2.497875000000000095e-03 2.712122231605489819e+00
7.305088750000000353e+00 -4.599503750000000224e-02 2.479437500000000183e-01 2.228875000000000387e-03 2.267875195601459115e+00
8.239161250000000436e+00 -1.881193749999999706e-02 9.251625000000000820e-02 1.226425000000000171e-03 2.556675618971789632e+00
7.808623749999999752e+00 -4.177648750000000077e-02 2.006012500000000087e-01 2.515325000000000547e-03 2.897226715138707664e+00
7.228356250000000038e+00 -4.637233749999999932e-02 2.653337500000000349e-01 1.142075000000000208e-03 2.179311550976836820e+00
8.283613750000000664e+00 -1.955043749999999664e-02 9.595125000000001569e-02 4.733250000000000261e-04 2.800093806369720717e+00
7.532128750000000039e+00 -4.885051250000000539e-02 2.474762500000000087e-01 2.155625000000000423e-03 1.505954697394650488e+00
7.264911249999999932e+00 -3.971481250000000185e-02 2.473612500000000325e-01 3.456250000000000121e-04 1.629731304447452844e+00
8.443468750000000966e+00 -3.843416250000000062e-02 1.118812500000000154e-01 4.627225000000000435e-03 2.899666962566973094e+00
7.810191249999999918e+00 -4.731016250000000256e-02 2.126237500000000002e-01 3.278225000000000063e-03 2.484223167425810175e+00
8.201053749999999809e+00 -1.731533749999999983e-02 9.585375000000001533e-02 6.060750000000000816e-04 2.614104391396933291e+00
7.968621249999999989e+00 -2.814363749999999886e-02 1.371337499999999987e-01 2.176925000000000127e-03 2.557284278339106987e+00
7.426026249999999607e+00 -3.985061250000000027e-02 2.155987500000000057e-01 2.140525000000000327e-03 2.737740570807633667e+00
7.518096250000000147e+00 -4.097691250000000396e-02 2.124762500000000331e-01 2.251325000000000201e-03 2.581809435071109604e+00
7.929081250000000303e+00 -2.002906249999999999e-02 1.061187500000000117e-01 2.077975000000000134e-03 2.729373035543073645e+00
7.876258749999999864e+00 -4.123766250000000105e-02 1.804337500000000039e-01 3.445675000000000474e-03 2.437458776545408767e+00
7.563846250000000104e+00 -4.804866250000000560e-02 2.459412500000000001e-01 1.710275000000000033e-03 1.639377176078502751e+00
8.198871249999999833e+00 -4.560916250000000144e-02 1.365162500000000056e-01 6.779225000000000702e-03 2.985128380109031809e+00
8.312413750000001045e+00 -2.626378749999999651e-02 8.300375000000001502e-02 3.993675000000000350e-03 2.769178488110473513e+00
7.256833750000000194e+00 -4.935101249999999939e-02 2.769962500000000549e-01 6.657750000000001774e-04 2.649018828269026571e+00
7.931308750000000352e+00 -4.578678750000000214e-02 1.905112500000000209e-01 3.797675000000000356e-03 2.120034714610401494e+00
7.605733749999999738e+00 -3.430941249999999720e-02 1.918287500000000201e-01 1.072375000000000194e-03 2.733313275628703298e+00
8.449483750000000626e+00 -2.003658749999999780e-02 4.959125000000000338e-02 4.063025000000000490e-03 2.690913878832112971e+00
8.266483750000000796e+00 -3.621971250000000087e-02 1.218937500000000090e-01 4.091825000000000323e-03 2.846362620503979812e+00
7.695133750000000106e+00 -4.703226250000000497e-02 2.083587500000000370e-01 3.673125000000000608e-03 2.652807748909390639e+00
7.397751249999999779e+00 -4.540686249999999896e-02 2.635662500000000019e-01 3.167250000000000685e-04 2.085463751624608175e+00
8.011393749999999869e+00 -2.493011250000000054e-02 1.394037499999999929e-01 2.308250000000000406e-04 2.193518277840837083e+00
7.919473749999999868e+00 -4.250151250000000491e-02 1.877037500000000025e-01 2.511525000000000129e-03 2.119373825486077223e+00
7.619308750000000074e+00 -3.818583749999999999e-02 2.071937500000000099e-01 1.274324999999999980e-03 1.583537497161569441e+00
8.053513750000000471e+00 -3.348218749999999633e-02 1.536187500000000261e-01 1.621075000000000250e-03 2.284300251922483316e+00
8.266528749999999093e+00 -2.006598750000000014e-02 8.280375000000000929e-02 1.996925000000000089e-03 2.535727004278989671e+00
7.366408749999999728e+00 -3.822766250000000227e-02 2.432237500000000163e-01 4.552500000000000204e-05 2.680984640029979715e+00
8.093301249999999669e+00 -1.911101249999999988e-02 1.019637500000000196e-01 1.314974999999999911e-03 1.911042788692138394e+00
8.159503750000000721e+00 -2.455473749999999983e-02 1.107462500000000183e-01 1.495425000000000313e-03 2.859883465934654367e+00
8.009518749999999798e+00 -2.167038749999999556e-02 1.320562500000000139e-01 2.736250000000000509e-04 2.782925001670852438e+00
7.796976250000000164e+00 -3.616283750000000297e-02 1.807112500000000177e-01 1.554625000000000017e-03 2.558306664775956474e+00
8.442643750000000225e+00 -3.329808750000000372e-02 8.908375000000001709e-02 5.259225000000001052e-03 2.345829637066999318e+00
8.307118750000000773e+00 -1.668988749999999327e-02 7.092624999999999624e-02 1.761325000000000217e-03 2.135841960950024099e+00
8.001141249999999872e+00 -4.294583750000000033e-02 1.676962500000000189e-01 4.056025000000000429e-03 2.514020716736659722e+00
8.108661250000000820e+00 -2.005478749999999727e-02 9.035624999999999907e-02 2.300625000000000153e-03 2.894257716228271882e+00
7.582671249999999752e+00 -4.157103750000000486e-02 2.360837500000000366e-01 7.625000000000000687e-06 2.030779123355663796e+00
7.698546249999999702e+00 -2.105123749999999669e-02 1.453562500000000202e-01 1.639750000000000148e-04 2.495840252760912925e+00
7.263921250000000107e+00 -3.711746250000000358e-02 2.360387500000000194e-01 3.552750000000000569e-04 2.135457978738070306e+00
8.160973750000000138e+00 -4.451243750000000166e-02 1.578937499999999994e-01 4.303925000000000979e-03 2.952568735077139461e+00
7.752966250000000059e+00 -3.759538750000000068e-02 1.996937500000000032e-01 7.692750000000001453e-04 1.662673774392665837e+00
8.192151250000000218e+00 -4.287496250000000231e-02 1.471512500000000112e-01 4.960174999999999827e-03 2.069685538871377073e+00
8.439613749999999470e+00 -1.903663749999999835e-02 6.554875000000001672e-02 2.562625000000000666e-03 2.805620360521026591e+00
7.855378749999999854e+00 -4.109276250000000463e-02 1.863162500000000166e-01 2.507725000000000145e-03 2.397417368205695176e+00
8.236311249999999973e+00 -4.865748749999999900e-02 1.560387500000000038e-01 5.921675000000001243e-03 2.344400038549963039e+00
7.847421250000000015e+00 -2.837953749999999956e-02 1.461112500000000258e-01 2.009375000000000310e-03 2.192256964661626562e+00
8.060826249999999860e+00 -4.364478750000000407e-02 1.710862499999999953e-01 3.444625000000000204e-03 2.641113595429533945e+00
7.561948749999999997e+00 -3.875458749999999980e-02 2.019612500000000366e-01 2.084225000000000314e-03 2.768320634556546977e+00
7.341988750000000508e+00 -3.889423749999999791e-02 2.302637500000000170e-01 9.000250000000001522e-04 2.582270246842409911e+00
8.200071250000000589e+00 -3.078421249999999804e-02 1.145337500000000175e-01 3.458425000000000648e-03 2.287936271115072362e+00
7.539351250000000171e+00 -3.639716249999999653e-02 2.033737500000000198e-01 1.430575000000000119e-03 2.071939162383805488e+00
7.540273749999999886e+00 -4.485963750000000055e-02 2.178387500000000254e-01 2.920575000000000341e-03 2.908857018070810874e+00
8.361666250000000744e+00 -3.982243750000000193e-02 1.227987500000000121e-01 4.833525000000000842e-03 2.467529563446176244e+00
7.706308749999999819e+00 -4.731978750000000178e-02 2.251562500000000022e-01 2.768775000000000229e-03 2.384997737876809687e+00
8.307553750000000292e+00 -1.881036249999999688e-02 6.266625000000000667e-02 3.205625000000000141e-03 2.920096030140818311e+00
8.390541250000000062e+00 -4.393038750000000103e-02 1.283337500000000242e-01 5.892375000000000911e-03 2.919945317424948783e+00
7.645746250000000188e+00 -3.841211249999999799e-02 2.126512500000000139e-01 1.019825000000000028e-03 1.982299125792509997e+00
8.333398750000000632e+00 -4.009193750000000084e-02 1.126687500000000119e-01 6.087875000000000404e-03 2.880287372255936340e+00
7.960251249999999779e+00 -2.502058749999999665e-02 1.352087500000000164e-01 8.195750000000000127e-04 2.330048168601346781e+00
8.321841250000000301e+00 -2.509916249999999752e-02 9.587375000000000758e-02 2.178325000000000487e-03 2.454458200909888532e+00
7.670361250000000020e+00 -4.365616249999999809e-02 2.153787500000000077e-01 2.516775000000000175e-03 2.599254204134724411e+00
8.024833749999999100e+00 -3.843871249999999962e-02 1.656987500000000058e-01 2.567975000000000119e-03 2.171030294371371294e+00
7.949218750000000000e+00 -2.286406249999999724e-02 1.192837500000000217e-01 1.704074999999999991e-03 2.510617941871411407e+00
7.677373750000000108e+00 -2.090983750000000030e-02 1.468012499999999942e-01 3.744250000000000616e-04 2.505561009850623133e+00
8.184801249999999584e+00 -4.469933750000000539e-02 1.671212499999999990e-01 3.388725000000000417e-03 2.899236710369673009e+00
7.878778750000000386e+00 -4.212683750000000005e-02 1.759662500000000185e-01 3.866425000000000157e-03 2.362796307659665196e+00
8.446348750000000294e+00 -2.102551249999999941e-02 7.839375000000001203e-02 1.371425000000000118e-03 2.878396607037445598e+00
8.139808750000000259e+00 -4.416943750000000557e-02 1.531587500000000102e-01 4.935624999999999908e-03 2.717954321505010373e+00
7.508571250000000141e+00 -4.519861249999999886e-02 2.403312500000000240e-01 1.402125000000000159e-03 1.489270533908634286e+00
7.733661249999999932e+00 -4.109748750000000173e-02 1.923062500000000119e-01 3.078175000000000269e-03 2.294871422556647556e+00
7.506411250000000202e+00 -2.854613749999999547e-02 1.854062499999999947e-01 4.404750000000000679e-04 2.252289197803317933e+00
8.062123749999999589e+00 -3.536763750000000012e-02 1.520237500000000130e-01 2.837625000000000303e-03 2.453802003270940002e+00
7.715121250000000153e+00 -4.772141250000000445e-02 2.283187500000000147e-01 1.866375000000000195e-03 2.012638668587867663e+00
7.421743750000000084e+00 -4.991258750000000105e-02 2.519212499999999855e-01 2.215724999999999986e-03 2.844506315544446107e+00
7.923793749999999747e+00 -4.431171250000000283e-02 1.842762500000000303e-01 3.481275000000000255e-03 2.357324678749219249e+00
7.580061249999999973e+00 -4.492823750000000255e-02 2.438162500000000121e-01 8.350250000000000901e-04 2.455260450893463009e+00
8.317071249999999694e+00 -3.557011250000000069e-02 1.145037500000000152e-01 4.669374999999999915e-03 2.323260189551236810e+00
8.173491249999999653e+00 -2.171308749999999524e-02 1.093812500000000132e-01 5.813250000000000492e-04 2.603673860714836863e+00
8.070853749999999494e+00 -4.370061249999999953e-02 1.748037500000000355e-01 3.172125000000000031e-03 2.416742754222309664e+00
7.339986249999999934e+00 -3.443226249999999794e-02 2.164487500000000231e-01 8.444250000000001017e-04 2.426289025812750744e+00
8.166666250000000460e+00 -2.505191249999999883e-02 9.028875000000000095e-02 3.849974999999999838e-03 2.861434458597201580e+00
7.820818749999999930e+00 -3.486363750000000261e-02 1.894387500000000168e-01 4.322250000000000571e-04 2.328590118475935000e+00
7.766023750000000447e+00 -4.724418749999999972e-02 2.211512500000000214e-01 2.839325000000000182e-03 2.778090645875515019e+00
7.779913750000000405e+00 -3.370863749999999937e-02 1.918262500000000315e-01 1.140249999999999933e-04 2.289090736945664784e+00
7.884201250000000272e+00 -3.984501249999999883e-02 1.975812500000000138e-01 8.517750000000000364e-04 2.695957548533248538e+00
7.585686250000000186e+00 -3.298186250000000042e-02 2.013462500000000044e-01 4.848250000000000346e-04 2.162432832477321654e+00
7.791861250000000183e+00 -4.085371250000000010e-02 2.000312500000000215e-01 2.265024999999999938e-03 2.496207753642831761e+00
7.337278750000000294e+00 -4.819251249999999959e-02 2.636862500000000109e-01 1.410675000000000123e-03 1.552301369303181966e+00
7.490796249999999823e+00 -4.720253750000000248e-02 2.437112500000000181e-01 1.493525000000000104e-03 2.789609313401375967e+00
7.104906249999999979e+00 -4.863858750000000369e-02 2.828262500000000568e-01 1.025674999999999981e-03 2.478472231898911637e+00
7.734283750000000346e+00 -2.868578749999999705e-02 1.601087500000000219e-01 1.347975000000000171e-03 2.437658518483840187e+00
7.945768750000000047e+00 -3.409766250000000054e-02 1.593512499999999998e-01 2.024225000000000156e-03 2.107053931581735817e+00
8.236746249999999492e+00 -4.581356250000000185e-02 1.529137500000000149e-01 5.285475000000000416e-03 2.737212496343908175e+00
7.375071249999999523e+00 -3.674103750000000390e-02 2.213737500000000358e-01 8.187750000000001017e-04 2.370018881971533542e+00
7.972738749999999541e+00 -2.201566249999999461e-02 1.293412500000000187e-01 1.872250000000000379e-04 2.369941037654061944e+00
7.943151249999999663e+00 -2.946821250000000031e-02 1.644612500000000033e-01 6.312500000000000294e-05 2.787963843255689245e+00
8.184598749999999256e+00 -2.314196249999999830e-02 8.859875000000000389e-02 3.242325000000000328e-03 2.554979421055074251e+00
8.110041250000000090e+00 -1.933186249999999801e-02 1.069437500000000041e-01 1.082125000000000187e-03 2.573696914900437616e+00
8.481021249999999512e+00 -3.859988749999999913e-02 1.078812500000000119e-01 4.809325000000000579e-03 2.946538680253417919e+00
8.214936250000000939e+00 -4.204318750000000243e-02 1.556462500000000138e-01 3.290675000000000718e-03 2.755264660359633133e+00
7.513003750000000203e+00 -4.928293750000000556e-02 2.684662500000000174e-01 2.963750000000000347e-04 2.642783008816892654e+00
8.295861249999999742e+00 -2.480936249999999774e-02 1.070212500000000122e-01 1.177775000000000046e-03 2.856305716840929154e+00
7.813581250000000367e+00 -4.772753750000000017e-02 1.974387499999999962e-01 4.484625000000000764e-03 2.531577785004679004e+00
7.439818749999999703e+00 -4.385303750000000417e-02 2.482512500000000344e-01 6.341250000000001399e-04 1.281138451775079901e+00
8.424703750000000824e+00 -2.322263750000000057e-02 7.768625000000001224e-02 2.447374999999999898e-03 2.806439949179986737e+00
8.183691250000000750e+00 -1.784908749999999933e-02 9.766625000000001000e-02 4.232250000000000009e-04 2.043971754819739584e+00
8.094328750000000738e+00 -2.041493749999999732e-02 1.147362500000000118e-01 5.632750000000000170e-04 2.187100966744798480e+00
7.980928750000000349e+00 -4.953931250000000175e-02 1.805712500000000165e-01 5.619325000000000535e-03 2.632490015005064521e+00
7.972821249999999971e+00 -3.392738750000000303e-02 1.536312499999999970e-01 2.534775000000000396e-03 1.636118013756236333e+00
7.968613750000000273e+00 -3.314531249999999596e-02 1.703837500000000005e-01 5.087750000000000475e-04 2.754373748200152239e+00
7.925488750000000415e+00 -2.431043750000000045e-02 1.469562500000000105e-01 5.827500000000000025e-05 2.096951926970816782e+00
8.025981250000000955e+00 -4.041481250000000108e-02 1.634287500000000115e-01 3.473175000000000654e-03 2.076980304845081005e+00
8.390886249999999436e+00 -3.013216249999999680e-02 9.620125000000001592e-02 3.402225000000000475e-03 2.983631414041691521e+00
7.736721250000000438e+00 -2.662218749999999828e-02 1.631987500000000035e-01 2.432750000000000179e-04 2.244241417689852636e+00
7.428748750000000456e+00 -4.255506250000000434e-02 2.470762500000000250e-01 1.190750000000000212e-04 2.050099548300894359e+00
7.682751249999999921e+00 -2.782723749999999746e-02 1.696487500000000148e-01 1.826250000000000074e-04 2.979562628384528011e+00
8.126256250000000847e+00 -4.437768750000000567e-02 1.663987500000000119e-01 4.400225000000000664e-03 2.971623883473709871e+00
7.716186249999999802e+00 -2.987421250000000042e-02 1.843537500000000107e-01 3.863750000000000539e-04 2.977081706383303050e+00
7.777393749999999883e+00 -4.346908750000000321e-02 2.103287500000000088e-01 2.070625000000000417e-03 2.244273514167152150e+00
8.064823750000000402e+00 -3.214938750000000123e-02 1.515687500000000298e-01 1.427875000000000108e-03 2.717174666356766632e+00
