5.432612218397047527e-02
3.437808557665757419e-03
-1.477576942305926927e-02
-1.781912997574386945e-04
-5.538933679670169329e-03
3.437808557664897863e-03
2.291113907611820610e-04
-9.687592461565874358e-04
-1.230238023984107507e-05
-3.597295597281826782e-04
-1.477576942305691525e-02
-9.687592461566727625e-04
4.118631769142478208e-03
5.135471465699608068e-05
1.540140259962315301e-03
-1.781912997573478926e-04
-1.230238023983810706e-05
5.135471465697893673e-05
6.849700250676458609e-07
1.824753260502245971e-05
-5.538933679670659388e-03
-3.597295597283057351e-04
1.540140259962701711e-03
1.824753260503372525e-05
6.377174439850862107e-04
