5.327917329861270643e-05
3.454460799163678864e-06
-1.500413697375517415e-05
-1.590429429491856549e-07
-7.050895797999917749e-06
-2.845838582198609654e-06
3.454460799163592467e-06
2.480477412286960492e-07
-1.053002733468778083e-06
-1.172479575812680237e-08
-5.226511744421415720e-07
-7.983056259268150778e-08
-1.500413697375494715e-05
-1.053002733468786553e-06
4.496110359960036483e-06
4.936469553691218660e-08
2.206694686478067063e-06
4.087189919594454052e-07
-1.590429429491760199e-07
-1.172479575812641525e-08
4.936469553691013520e-08
5.697533093690595946e-10
2.384005353060222099e-08
3.109186786305303975e-09
-7.050895798000112567e-06
-5.226511744421676182e-07
2.206694686478160660e-06
2.384005353060425916e-08
1.238806489780562496e-06
1.322855358220912464e-07
-2.845838582198771014e-06
-7.983056259269508678e-08
4.087189919595002506e-07
3.109186786306096414e-09
1.322855358221087164e-07
2.821562563497116068e-06
