-1.983749999999999680e-01 3.596249999999998614e-01 2.045290653852527729e+00
-1.421250000000000568e-01 3.368750000000000355e-01 1.333848940474521294e+00
-2.838749999999999885e-01 2.361249999999999183e-01 2.567365771366809213e+00
-1.898750000000000160e-01 1.543749999999999289e-01 1.901220497509924723e+00
-4.412499999999996980e-02 2.051250000000000018e-01 2.106196299065651090e+00
-1.163749999999998952e-01 3.673750000000000071e-01 1.294299183250554597e+00
-3.462499999999990585e-02 2.268750000000001599e-01 2.100217483335347524e+00
-2.812499999999995559e-02 1.981250000000001066e-01 2.277918210652979614e+00
-1.736249999999999183e-01 4.521250000000001101e-01 2.387114294649236079e+00
-1.818750000000000089e-01 1.348750000000000782e-01 1.932263925745102640e+00
-1.108750000000000568e-01 9.837499999999987921e-02 2.308136776994955675e+00
-2.543750000000000178e-01 2.146250000000000657e-01 2.346422927817259474e+00
-1.393750000000000266e-01 3.668750000000000622e-01 1.518094448030677945e+00
-4.762500000000002842e-02 3.911250000000001670e-01 2.003005281855166686e+00
-5.387499999999989519e-02 2.551250000000000462e-01 1.648952886716700483e+00
-8.937499999999998224e-02 5.551249999999998685e-01 2.515874079167231159e+00
-4.612499999999997158e-02 8.812500000000000888e-02 2.245439180027851034e+00
-6.512499999999998845e-02 1.298750000000001847e-01 1.993193414610586967e+00
-1.656249999999999112e-01 3.521250000000000213e-01 1.672963283485455976e+00
-6.412499999999998757e-02 3.193749999999999645e-01 1.483224549877933729e+00
-1.128750000000000586e-01 1.563750000000001528e-01 1.865484096143461334e+00
-7.624999999999992895e-03 1.086249999999999716e-01 2.609652141101368450e+00
-1.896249999999999325e-01 1.718750000000000000e-01 1.842455641629328511e+00
-9.637499999999998845e-02 3.806249999999999911e-01 1.408854351043183240e+00
-1.366249999999999964e-01 2.828749999999999876e-01 1.103542054708120057e+00
-2.001249999999998863e-01 4.236249999999999183e-01 2.499790277682042650e+00
1.250000000001527667e-04 4.078749999999999876e-01 2.616470911177156022e+00
-2.012499999999994849e-02 2.641249999999999432e-01 1.913864254701879153e+00
1.387500000000008171e-02 2.928749999999999964e-01 2.119843190942507061e+00
-2.912500000000006750e-02 3.811249999999999361e-01 2.088677786361657240e+00
-8.037499999999997424e-02 1.933750000000000746e-01 1.753871815261570655e+00
-8.237499999999997602e-02 2.496249999999999858e-01 1.407829275147832293e+00
-2.778749999999999831e-01 1.928749999999999076e-01 2.648746159594694394e+00
-9.362500000000006928e-02 3.393749999999999822e-01 1.297759997888754180e+00
-8.337499999999997691e-02 1.113750000000000018e-01 1.931552005841689068e+00
-3.962500000000002132e-02 2.458750000000000657e-01 1.877561352767807445e+00
-6.375000000000019540e-03 3.108750000000000124e-01 2.015976831154788762e+00
-1.001250000000000195e-01 2.931249999999998579e-01 9.780155597494533115e-01
-1.098749999999999449e-01 3.276250000000000551e-01 1.115027100694038431e+00
-8.087500000000003020e-02 3.468750000000000444e-01 1.466734712423218179e+00
-2.021249999999998881e-01 1.003750000000001030e-01 2.487922050352181724e+00
-1.646250000000000213e-01 3.723749999999999005e-01 1.804494605563789600e+00
-1.528749999999999831e-01 6.212499999999998579e-02 2.400594351646165414e+00
-1.576249999999999041e-01 4.448750000000001315e-01 2.195325634308057161e+00
-9.137499999999998401e-02 6.112500000000009592e-02 2.412941243064914421e+00
-1.278749999999999609e-01 6.137499999999995737e-02 2.664531723957214826e+00
-1.306249999999999911e-01 3.716249999999998721e-01 1.465050447037325565e+00
-1.583749999999999325e-01 1.368749999999998579e-01 1.680002312906760942e+00
-6.662499999999993427e-02 7.137500000000018829e-02 2.085414768792457352e+00
-5.624999999999991118e-03 2.733750000000001457e-01 1.980010067773828375e+00
-1.541250000000000675e-01 2.576249999999999929e-01 1.212861389166309145e+00
-7.162500000000004974e-02 1.626250000000000195e-01 1.882836723156374514e+00
-4.837500000000005684e-02 4.343750000000001776e-01 2.273195905751125068e+00
-2.296249999999999680e-01 2.306249999999998579e-01 2.049969902651741283e+00
-8.375000000000021316e-03 2.428750000000001741e-01 2.225823886351510073e+00
-2.668749999999999734e-01 2.473749999999999005e-01 2.363552548029964839e+00
-4.112499999999996714e-02 1.796250000000001457e-01 2.170103550608760923e+00
-1.648749999999999938e-01 3.396250000000000657e-01 1.577734492607270722e+00
-1.026249999999999662e-01 4.103750000000001563e-01 1.596792541802464660e+00
-2.313749999999999973e-01 3.921250000000000568e-01 2.586996462277194375e+00
-1.678749999999999964e-01 4.043749999999999289e-01 2.056950048783775298e+00
-1.773750000000000604e-01 2.986249999999999183e-01 1.409849382575928622e+00
-2.323749999999999982e-01 2.726250000000001172e-01 2.032543718986578707e+00
-1.083749999999998881e-01 5.112499999999986500e-02 2.661548469098841352e+00
-2.143749999999999822e-01 2.771250000000000657e-01 1.879818790665357842e+00
3.387500000000009948e-02 3.308750000000000302e-01 2.531478085334250672e+00
-4.212499999999996803e-02 4.362500000000002487e-02 2.351065725170711218e+00
-9.512499999999990408e-02 2.521249999999999325e-01 1.256285966382402641e+00
-1.787499999999997424e-02 3.756249999999998757e-01 2.169963431589659208e+00
-6.362500000000004263e-02 2.381250000000001421e-01 1.701621487410934552e+00
-7.512499999999988631e-02 1.748750000000001137e-01 1.831127856388973907e+00
-3.837500000000004796e-02 2.433749999999998970e-01 1.912845875154276953e+00
-1.731249999999999734e-01 5.096249999999999947e-01 2.663830275605628906e+00
-1.761249999999999760e-01 8.762500000000006395e-02 2.364319618308030613e+00
-4.487499999999999822e-02 7.125000000000047962e-03 2.384744696344011317e+00
2.462499999999989697e-02 3.518750000000001599e-01 2.554514552471039313e+00
1.012499999999993960e-02 3.726250000000002061e-01 2.456465326370449898e+00
-1.968749999999999112e-01 9.987499999999993605e-02 2.441470692924326169e+00
-3.021249999999999769e-01 2.963750000000000551e-01 2.641668162674387421e+00
-7.537499999999996980e-02 5.446249999999999147e-01 2.600639051212831454e+00
-2.987499999999998490e-02 3.458749999999999325e-01 1.973092329159011005e+00
-2.237500000000003375e-02 3.733750000000000124e-01 2.126936758337177213e+00
-1.337499999999991473e-02 2.636249999999999982e-01 1.987646719874496704e+00
-5.287500000000000533e-02 6.087500000000001243e-02 2.215798284470216206e+00
-2.053749999999999742e-01 1.986250000000000515e-01 1.912882773977163220e+00
-2.512500000000006395e-02 1.373750000000000249e-01 2.390432344179914459e+00
-2.333749999999998881e-01 2.891249999999998543e-01 2.016945284883711942e+00
-5.587499999999989697e-02 5.083750000000000213e-01 2.601164237060865858e+00
-5.112499999999997602e-02 3.781250000000000444e-01 1.837923716647996919e+00
-2.246250000000000746e-01 1.876250000000001528e-01 2.139392644150661216e+00
-1.806250000000000355e-01 4.523749999999999716e-01 2.456199972548181343e+00
-2.481249999999999289e-01 3.603749999999998899e-01 2.531203538162939193e+00
-2.153749999999999831e-01 4.288750000000001172e-01 2.674876639932261213e+00
-2.666249999999998899e-01 2.028750000000001386e-01 2.505395790231591313e+00
-1.793750000000000622e-01 4.048750000000000959e-01 2.172129862549719181e+00
-1.031249999999999112e-01 3.976250000000001172e-01 1.510115710288917334e+00
-1.681249999999999689e-01 3.586249999999999716e-01 1.742970559311424639e+00
-1.453750000000000320e-01 3.846249999999999947e-01 1.700864554106713333e+00
-5.062499999999992006e-02 3.587499999999987921e-02 2.275525518826365445e+00
-2.068749999999999201e-01 3.433749999999999858e-01 2.014983343269052263e+00
-2.933749999999999414e-01 2.378750000000000586e-01 2.655030493634587874e+00
-1.606250000000000178e-01 1.131250000000001421e-01 1.947566409565987922e+00
-9.562500000000007105e-02 2.066250000000000586e-01 1.582813104383642866e+00
-1.948749999999999094e-01 1.178750000000001741e-01 2.235691506018723462e+00
-1.336249999999999938e-01 4.068749999999998757e-01 1.739378454523505368e+00
-5.162500000000003197e-02 2.376249999999999751e-01 1.828807025834444655e+00
-2.848749999999999893e-01 2.263749999999999929e-01 2.608865530490093398e+00
-7.487500000000002487e-02 5.043750000000000178e-01 2.387735865333842522e+00
-1.353750000000000231e-01 3.763749999999999041e-01 1.545096835101194666e+00
-2.301249999999999130e-01 2.563750000000000195e-01 1.971646658005192121e+00
-1.598749999999999893e-01 4.441250000000001030e-01 2.213491212979355360e+00
-1.011249999999999094e-01 2.373750000000001137e-01 1.326765095397583805e+00
7.874999999999854339e-03 2.896250000000000213e-01 2.041542189657143069e+00
-8.812500000000000888e-02 2.823750000000000426e-01 1.059770073283939462e+00
-2.663750000000000284e-01 1.691250000000001918e-01 2.612354755217510149e+00
-1.183749999999998970e-01 1.158749999999999503e-01 2.242705727972509333e+00
-7.587499999999991473e-02 1.223749999999999005e-01 1.894154802744052013e+00
-1.876249999999999307e-01 2.861250000000001847e-01 1.585823072382182675e+00
-2.613749999999999130e-01 2.478750000000000675e-01 2.307736065965302341e+00
-1.406250000000000000e-01 3.093750000000001776e-01 1.122848561570523040e+00
-1.273750000000000160e-01 3.413750000000002061e-01 1.219640891473134259e+00
-1.066249999999999698e-01 5.612499999999998046e-02 2.604144889435014765e+00
-4.137499999999993960e-02 4.676249999999999574e-01 2.525504112273866397e+00
-2.453749999999998987e-01 2.688749999999999751e-01 2.139858749784437908e+00
-1.863749999999999574e-01 2.441249999999999254e-01 1.577388205444319347e+00
-1.396249999999998881e-01 2.953749999999999432e-01 1.035820273633620392e+00
-2.923750000000000515e-01 3.086250000000001492e-01 2.598771154103543424e+00
-1.321250000000000480e-01 4.483749999999999680e-01 1.963672030944026758e+00
5.137500000000017053e-02 2.846250000000001279e-01 2.467600332309155764e+00
-7.362500000000005151e-02 2.876250000000000195e-01 1.212848661945308049e+00
-1.881249999999999867e-01 4.616250000000001741e-01 2.574481519127137297e+00
-1.341250000000000497e-01 2.431250000000000355e-01 1.150777116332150296e+00
-1.836249999999999272e-01 2.651250000000000551e-01 1.511282941466950858e+00
-1.661250000000000782e-01 1.443750000000001421e-01 1.696515961128125971e+00
-1.911249999999999893e-01 4.636249999999999538e-01 2.613278732000802851e+00
-5.712499999999998135e-02 2.178750000000000409e-01 1.950606974713170461e+00
-5.637500000000006395e-02 5.193750000000001421e-01 2.655849578785149046e+00
-1.781249999999999778e-01 1.771250000000001990e-01 1.711052752034722291e+00
3.762500000000001954e-02 3.256250000000000533e-01 2.540154436682083627e+00
-7.087500000000002132e-02 5.048750000000001847e-01 2.430787910978955857e+00
-2.461249999999999272e-01 2.061250000000001137e-01 2.292436854904685184e+00
-4.662499999999991651e-02 8.262500000000017053e-02 2.248215378406700271e+00
-3.362500000000001599e-02 3.751250000000001528e-01 2.011598602894620669e+00
-1.426250000000000018e-01 3.231250000000001066e-01 1.241037351459594706e+00
-1.538749999999999840e-01 3.953750000000000320e-01 1.858517903331303733e+00
-1.171249999999999236e-01 2.171250000000000124e-01 1.352992031024359942e+00
-2.216249999999999609e-01 1.788750000000001172e-01 2.137888609246958005e+00
-3.637500000000004619e-02 4.528750000000001386e-01 2.495317819616132304e+00
-1.856249999999999289e-01 4.138749999999999929e-01 2.293959486670973380e+00
-8.862499999999995381e-02 5.053749999999999076e-01 2.254571434265074448e+00
-1.548749999999999849e-01 3.888750000000000817e-01 1.823426677473461766e+00
-1.428749999999999742e-01 2.746249999999998970e-01 1.157461488296155583e+00
-2.787499999999998312e-02 5.262499999999992184e-02 2.483675918554729467e+00
-1.166249999999999787e-01 3.293750000000001954e-01 1.191770926725452817e+00
-1.106249999999999734e-01 4.921250000000001457e-01 2.091353798193002156e+00
-5.937499999999995559e-02 3.348750000000000338e-01 1.616281196664711706e+00
-1.458749999999999769e-01 1.891249999999999876e-01 1.350801816597454907e+00
-2.606249999999999956e-01 3.203749999999998543e-01 2.375357204082719775e+00
-1.536249999999999005e-01 1.401250000000000551e-01 1.671060138544083085e+00
-2.762500000000001066e-02 2.853750000000001563e-01 1.661542514304169327e+00
-2.687499999999998224e-02 3.101250000000002061e-01 1.805913800977957617e+00
-2.283749999999999947e-01 2.316250000000001918e-01 2.034364142192512936e+00
-1.462499999999988809e-02 3.843749999999999112e-01 2.266738663882891913e+00
-2.312500000000006217e-02 4.712499999999986144e-02 2.540465881141706461e+00
-1.993750000000000799e-01 1.481250000000000622e-01 2.015889800805185317e+00
-2.937499999999992895e-02 3.037500000000004086e-02 2.501371040968023873e+00
-8.912499999999989875e-02 3.933750000000000302e-01 1.608562483394206488e+00
-2.986249999999999183e-01 3.128750000000000142e-01 2.687919379580124613e+00
-4.712499999999997247e-02 4.631250000000000089e-01 2.442951550407383543e+00
-5.812499999999998224e-02 3.808750000000000746e-01 1.795190189381926871e+00
-1.687499999999997335e-02 1.088750000000000551e-01 2.514707882091158364e+00
-1.236249999999999849e-01 2.948749999999999982e-01 1.075447266477604025e+00
-2.212499999999995026e-02 3.511250000000001315e-01 2.079933959949058941e+00
-1.931249999999999911e-01 3.653750000000000053e-01 2.034074885620078099e+00
-5.412499999999997868e-02 4.738750000000000462e-01 2.431035338760674680e+00
-1.587499999999997247e-02 2.212499999999995026e-02 2.652199434563212055e+00
-1.386249999999999982e-01 1.658749999999999947e-01 1.589420222711512176e+00
-2.213749999999999885e-01 2.661250000000001670e-01 1.889636902288839071e+00
-5.887500000000001066e-02 3.456250000000000711e-01 1.680496875808160873e+00
-1.718750000000000000e-01 3.263750000000000817e-01 1.553033314017796762e+00
-1.123749999999998916e-01 3.556249999999998579e-01 1.242378491505818028e+00
-1.033749999999999947e-01 5.648750000000000160e-01 2.495775218192504141e+00
-2.528749999999999609e-01 2.183749999999999858e-01 2.319464593748533421e+00
-1.568749999999999867e-01 4.761250000000001315e-01 2.343410811990220388e+00
-7.112499999999999378e-02 2.731250000000000622e-01 1.313380800113527203e+00
-8.162500000000005862e-02 7.662499999999994316e-02 2.192138393124124285e+00
-2.358750000000000568e-01 1.696249999999999147e-01 2.309036734703585836e+00
-1.181250000000000355e-01 5.368749999999999911e-01 2.457976547533561096e+00
-1.298749999999999627e-01 9.787500000000015632e-02 2.303398694780456335e+00
-1.443749999999999201e-01 2.288749999999999396e-01 1.208131716473941353e+00
-1.016250000000000764e-01 7.737499999999997158e-02 2.384421212167660009e+00
-2.576249999999999929e-01 3.081249999999999822e-01 2.261029090012960818e+00
-1.868749999999999023e-01 1.141250000000000320e-01 2.195694815806559230e+00
-4.537499999999994316e-02 -2.887499999999998401e-02 2.678271323216971478e+00
-1.971249999999999947e-01 2.371250000000000302e-01 1.706768539153452835e+00
-3.125000000000044409e-03 3.233749999999999680e-01 2.117755033149897770e+00
-1.581250000000000711e-01 4.318750000000000089e-01 2.134802301509000078e+00
-1.561250000000000693e-01 4.141249999999998543e-01 2.009183784970780096e+00
-9.987499999999993605e-02 3.028750000000000053e-01 1.034273134865633104e+00
-8.062499999999994671e-02 3.113749999999999574e-01 1.273788865572366813e+00
-1.418749999999999734e-01 2.968750000000000000e-01 1.046548847264343829e+00
-1.518749999999999822e-01 8.362500000000006040e-02 2.209152048311477490e+00
-1.398749999999999716e-01 3.831250000000001599e-01 1.636409859031390912e+00
-2.028749999999999165e-01 4.398750000000000160e-01 2.609141102526175260e+00
-1.238749999999999574e-01 4.721250000000001279e-01 2.034617695263587933e+00
-1.156249999999999778e-01 5.011250000000000426e-01 2.199695814401775973e+00
-3.087499999999998579e-02 1.931249999999999911e-01 2.256511568070006302e+00
-2.466249999999999831e-01 3.241249999999999964e-01 2.266347206872022291e+00
-1.363749999999999130e-01 2.971249999999998614e-01 1.066119264381614418e+00
-1.556249999999999023e-01 5.196250000000000036e-01 2.543180966915255414e+00
-2.043749999999999734e-01 8.962499999999984368e-02 2.621352366529254851e+00
6.249999999998756550e-04 2.176249999999999574e-01 2.545162008110152918e+00
-8.312499999999989342e-02 1.306249999999999911e-01 1.809171383780383557e+00
-7.812500000000000000e-02 7.262499999999993960e-02 2.189458482675185724e+00
-3.612499999999996270e-02 2.528749999999999609e-01 1.850602052061370184e+00
-5.237500000000006040e-02 1.128750000000000586e-01 2.146633097831033066e+00
-2.236249999999999627e-01 4.158749999999999947e-01 2.673149988228672669e+00
-1.228750000000000675e-01 2.253750000000001030e-01 1.285048626006504380e+00
-1.438749999999999751e-01 4.788749999999999396e-01 2.230561520942172304e+00
-1.508749999999999813e-01 3.648750000000000604e-01 1.617312242431513836e+00
-1.413750000000000284e-01 3.418749999999999289e-01 1.361845554345262554e+00
-1.262499999999988631e-02 3.662499999999990763e-02 2.663736825512143636e+00
-1.113750000000000018e-01 4.403749999999999609e-01 1.750449388287771857e+00
-1.943749999999999645e-01 4.478750000000000231e-01 2.566826917010674336e+00
-1.498749999999999805e-01 2.531250000000000444e-01 1.184977707324560869e+00
-9.687500000000004441e-02 2.436250000000002025e-01 1.314145565807037341e+00
-2.662499999999989875e-02 4.812500000000019540e-02 2.503129199912324410e+00
-5.437500000000006217e-02 4.218750000000000000e-01 2.144377355725000101e+00
-2.537499999999992539e-02 1.433750000000000302e-01 2.379587404346344304e+00
-6.962500000000004796e-02 3.698749999999999538e-01 1.655146483085131237e+00
-6.262499999999993072e-02 8.312499999999989342e-02 2.084154554325898800e+00
-3.112500000000006928e-02 2.631250000000000533e-01 1.810053003338139677e+00
-4.562500000000002665e-02 3.788749999999998508e-01 1.900606332858845837e+00
-2.748749999999999805e-01 2.848749999999999893e-01 2.461098344898041912e+00
-2.753749999999999254e-01 1.731250000000001954e-01 2.688202757038425261e+00
-1.753750000000000586e-01 1.518749999999999822e-01 1.764751113683853623e+00
-1.231249999999999289e-01 2.911250000000000782e-01 1.050046059027081036e+00
9.374999999999911182e-03 2.168749999999999289e-01 2.635328004919998079e+00
-1.403749999999999165e-01 1.813750000000000639e-01 1.431300815110343683e+00
-2.243749999999999911e-01 1.386249999999999982e-01 2.312168684546548114e+00
-6.737499999999996270e-02 5.336250000000000160e-01 2.621971140397165723e+00
-3.787499999999999201e-02 3.048750000000000071e-01 1.666494594330156342e+00
-2.721249999999999503e-01 3.453749999999999876e-01 2.658308912914967959e+00
-2.326249999999999707e-01 1.403750000000001386e-01 2.375357581754722780e+00
-1.963749999999999662e-01 3.941250000000000586e-01 2.263435614440406418e+00
-1.416249999999998899e-01 1.541250000000000675e-01 1.665710024144557044e+00
-1.048750000000000515e-01 3.078750000000001208e-01 1.011819264025018983e+00
-1.248750000000000693e-01 1.026250000000001883e-01 2.310846103483465086e+00
8.875000000000188294e-03 2.591250000000000497e-01 2.257195330929507637e+00
-1.703749999999999432e-01 3.003750000000000586e-01 1.353219713916063327e+00
-1.063749999999998863e-01 4.186250000000000249e-01 1.604245336822047063e+00
-9.037499999999998312e-02 4.476249999999999396e-01 1.923057892421251802e+00
3.337499999999993250e-02 2.671250000000000568e-01 2.438425212605113135e+00
-3.262499999999990408e-02 4.211249999999999716e-01 2.359219607834167398e+00
-3.337499999999993250e-02 5.937500000000017764e-02 2.417440350544555194e+00
-8.887500000000003730e-02 4.906250000000000888e-01 2.172047363205757087e+00
-7.374999999999909406e-03 3.758750000000001812e-01 2.275801424248264038e+00
-7.212499999999999467e-02 1.146250000000001990e-01 1.943013652722101137e+00
-1.451249999999999485e-01 3.486250000000001847e-01 1.446568074405584658e+00
-1.411249999999999449e-01 5.291250000000000675e-01 2.448578147414371742e+00
-4.375000000000017764e-03 3.943750000000001421e-01 2.469852662590157788e+00
1.612500000000016698e-02 2.678750000000000853e-01 2.253326575729501791e+00
-1.871249999999999858e-01 7.312500000000010658e-02 2.622982093800760417e+00
-1.073749999999999982e-01 3.598750000000001670e-01 1.272689753655549483e+00
-2.198750000000000426e-01 2.053750000000000853e-01 2.034980023792933856e+00
