-2.073749999999999760e-01 4.506250000000000533e-01 2.586818319147889511e+00
-4.737499999999994493e-02 3.086250000000001492e-01 1.543846366771783440e+00
-2.187499999999997780e-02 1.918750000000000178e-01 2.493179942361537282e+00
2.537499999999992539e-02 3.206250000000001599e-01 2.335193740382808691e+00
-5.362500000000003375e-02 5.488750000000000018e-01 2.514888733405350685e+00
4.787499999999988987e-02 2.926250000000001350e-01 2.687362841055350060e+00
-1.488749999999999796e-01 1.146250000000001990e-01 2.193023442148167579e+00
-3.537499999999993427e-02 3.921250000000000568e-01 2.021670050555438802e+00
-1.451249999999999485e-01 1.963750000000001883e-01 1.509728510219422670e+00
-8.112499999999989164e-02 2.456249999999999822e-01 1.745748151981568963e+00
-1.116249999999999742e-01 5.281250000000001776e-01 2.163216388298118353e+00
-1.363749999999999130e-01 3.381250000000000089e-01 1.066363276120267267e+00
-7.962500000000005684e-02 3.916249999999998899e-01 1.549246341037719299e+00
-2.746249999999998970e-01 2.368749999999999467e-01 2.560237166211291271e+00
-7.237499999999996714e-02 3.223750000000000782e-01 1.305355066156176580e+00
-1.596249999999999059e-01 1.511249999999999538e-01 1.757173789818909038e+00
-5.762500000000003730e-02 2.493750000000001243e-01 1.959507150912747520e+00
-9.462499999999995914e-02 2.146250000000000657e-01 1.690883661960692619e+00
-1.661250000000000782e-01 5.312500000000008882e-02 2.675657461938497406e+00
-2.181249999999999023e-01 3.166250000000001563e-01 1.900183215251954660e+00
-4.962500000000003020e-02 3.721250000000000391e-01 1.778113690527173496e+00
-2.053749999999999742e-01 2.288749999999999396e-01 1.869033265789610709e+00
-6.462499999999993250e-02 5.437500000000006217e-02 2.245945873040108065e+00
-6.987499999999990941e-02 4.883750000000000036e-01 2.083780744288593390e+00
-1.828749999999998987e-01 3.898749999999999716e-01 1.914174142678910950e+00
-8.412500000000000533e-02 1.393750000000000266e-01 1.915684976532361583e+00
-8.162500000000005862e-02 3.018749999999998934e-01 1.245230597244807225e+00
-2.008749999999999147e-01 1.411250000000001670e-01 2.197129447620878473e+00
-3.162500000000001421e-02 5.088750000000001883e-01 2.581232040568853581e+00
-9.062499999999995559e-02 4.771250000000000213e-01 1.814307485490985972e+00
-2.756250000000000089e-01 3.601250000000000284e-01 2.636405290000003898e+00
-1.196249999999999813e-01 4.161250000000000782e-01 1.457282744684846865e+00
-1.751249999999999751e-01 4.633750000000000924e-01 2.349606859468539977e+00
-1.593750000000000444e-01 1.246249999999999858e-01 1.994039972206902434e+00
-1.141250000000000320e-01 5.661249999999999893e-01 2.447333232418674953e+00
-6.137499999999995737e-02 3.112499999999984723e-02 2.313248601045510444e+00
-1.018749999999999378e-01 4.866250000000000853e-01 1.776293756764637966e+00
-9.712499999999990585e-02 1.006249999999999645e-01 2.170285444222868065e+00
-1.541250000000000675e-01 3.426249999999999574e-01 1.281659149458296731e+00
-1.246249999999999858e-01 2.788750000000002061e-01 1.186734018861047124e+00
-2.603750000000000231e-01 2.006250000000000533e-01 2.511394191590929914e+00
-1.912500000000005862e-02 4.038750000000002061e-01 2.186492330122470573e+00
1.062500000000010658e-02 2.721249999999999503e-01 2.476773343228817925e+00
-1.143749999999998934e-01 1.326249999999999929e-01 2.118106787595022134e+00
-1.328750000000000764e-01 1.818750000000000089e-01 1.766052595248823964e+00
-4.587499999999988809e-02 5.187499999999989342e-02 2.447608989289772996e+00
-1.637500000000002842e-02 4.663750000000002061e-01 2.559304837256905607e+00
4.624999999999879208e-03 2.798750000000000959e-01 2.344562610411286663e+00
-3.512500000000007283e-02 2.887499999999998401e-02 2.593814031252888785e+00
-1.566250000000000142e-01 4.962500000000003020e-02 2.687261379115260418e+00
-1.323749999999999094e-01 3.908749999999998614e-01 1.406700936621005482e+00
-1.487499999999997158e-02 4.198749999999999982e-01 2.308029575396092437e+00
-1.573750000000000426e-01 2.513749999999999041e-01 1.311130142996652204e+00
-1.108750000000000568e-01 2.211250000000000160e-01 1.510243843811218234e+00
-7.137499999999996625e-02 2.141250000000001208e-01 1.936327081357718249e+00
-7.162500000000004974e-02 3.021250000000001990e-01 1.347423200915196073e+00
-3.937499999999993783e-02 9.437499999999987566e-02 2.454809407647569497e+00
-3.187499999999998668e-02 3.373750000000002025e-01 1.805059755977550973e+00
-6.562500000000004441e-02 4.406250000000000444e-01 1.918888411570190966e+00
-2.312500000000006217e-02 4.561250000000001137e-01 2.441501628937064794e+00
-5.287500000000000533e-02 4.528750000000001386e-01 2.109159855291267593e+00
-1.916249999999999343e-01 1.666250000000000231e-01 1.893435903896409478e+00
-2.018750000000000266e-01 4.783749999999999947e-01 2.697378124684719047e+00
-1.701249999999999707e-01 4.758750000000000480e-01 2.365632213078668222e+00
-1.863749999999999574e-01 1.261250000000000426e-01 2.188738455675764083e+00
-1.923749999999999627e-01 9.687500000000004441e-02 2.528507681664895479e+00
-9.662499999999996092e-02 2.481249999999999289e-01 1.561158814460037236e+00
-1.506250000000000089e-01 3.868749999999998579e-01 1.564623897943352437e+00
-9.487500000000004263e-02 4.662500000000013856e-02 2.543271425974630073e+00
-9.212500000000001243e-02 6.008750000000000480e-01 2.461924208483108778e+00
-6.187499999999990230e-02 5.823749999999998650e-01 2.564357332008849077e+00
-5.837500000000006573e-02 2.248749999999999361e-01 2.056708249562297031e+00
5.187499999999989342e-02 3.056250000000000355e-01 2.613769222536631798e+00
-9.874999999999967137e-03 3.668750000000000622e-01 2.176952327736515702e+00
-6.937499999999996447e-02 9.624999999999994671e-03 2.551397392457185553e+00
-2.408749999999999503e-01 4.176250000000001350e-01 2.691787880727367632e+00
-1.126249999999999751e-01 4.728750000000001563e-01 1.766568762762482203e+00
-1.516249999999998987e-01 2.916250000000000231e-01 1.167182413726655321e+00
-1.061250000000000249e-01 4.346250000000000391e-01 1.462785678961305402e+00
-1.231249999999999289e-01 4.096250000000001279e-01 1.446548453242491261e+00
-2.938749999999999973e-01 3.276250000000000551e-01 2.602641888465806463e+00
-2.533749999999999059e-01 3.801250000000000462e-01 2.554766361050909484e+00
-3.875000000000072831e-03 2.313749999999998863e-01 2.622332704215657895e+00
-2.012499999999994849e-02 4.781249999999999112e-01 2.570894438673662297e+00
-6.862499999999993605e-02 2.638750000000000817e-01 1.715704683032748923e+00
-4.337499999999994138e-02 4.016250000000001208e-01 1.934899718246229305e+00
-5.012499999999997513e-02 4.723749999999999893e-01 2.224565684141441402e+00
-3.237500000000004263e-02 9.537499999999998757e-02 2.527350165727565212e+00
-1.528749999999999831e-01 1.803750000000001741e-01 1.569714086753877913e+00
-1.791249999999999787e-01 6.637499999999985079e-02 2.682956954015465190e+00
-3.312500000000007105e-02 4.591250000000000053e-01 2.347797087595902887e+00
-6.537499999999996092e-02 5.173749999999999183e-01 2.256472117077764850e+00
-2.306250000000000799e-01 2.073749999999998650e-01 2.187211960621526785e+00
-2.488749999999999574e-01 2.576249999999999929e-01 2.241500888697032678e+00
-3.562500000000001776e-02 3.573749999999999982e-01 1.858600373088633573e+00
-1.266249999999999876e-01 2.093750000000000888e-01 1.588728039813350090e+00
-6.912499999999999201e-02 4.538750000000000284e-01 1.940530005543911862e+00
-9.362500000000006928e-02 5.033750000000001279e-01 1.896050949860464963e+00
-4.912499999999997424e-02 4.212499999999996803e-02 2.427134026734728778e+00
-2.571250000000000480e-01 3.151250000000000995e-01 2.312394986866280533e+00
8.125000000000159872e-03 4.253750000000000586e-01 2.605230156067891212e+00
-8.012500000000000178e-02 8.512500000000011724e-02 2.105762095915612253e+00
-2.213749999999999885e-01 3.973750000000000338e-01 2.355521388745018818e+00
-2.587499999999998135e-02 4.466250000000000497e-01 2.369728477253604026e+00
-1.338749999999999662e-01 6.058750000000001634e-01 2.675388018185511196e+00
-6.112499999999998490e-02 3.728750000000000675e-01 1.659461901988927179e+00
-3.112500000000006928e-02 -4.124999999999934275e-03 2.681864323680274609e+00
1.812499999999994671e-02 3.183750000000000746e-01 2.247272403016852049e+00
-7.887500000000002842e-02 5.386250000000001315e-01 2.202380321525586382e+00
-1.423749999999999183e-01 3.611249999999999183e-01 1.294837438276065678e+00
-1.416249999999998899e-01 3.131249999999998757e-01 1.127822727196401198e+00
-1.008750000000000480e-01 5.596250000000000391e-01 2.271034344309056596e+00
-2.862499999999990052e-02 5.156250000000000000e-01 2.642415727064292064e+00
-7.712499999999988809e-02 4.612499999999997158e-02 2.361459265642940064e+00
-1.711249999999999716e-01 2.256249999999999645e-01 1.522147337078982643e+00
-2.208749999999999325e-01 4.423750000000001847e-01 2.664244011517157951e+00
-1.386249999999999982e-01 3.148750000000000160e-01 1.084341724847722510e+00
-1.123749999999998916e-01 9.737499999999998934e-02 2.353393426190739213e+00
-2.041249999999998899e-01 2.551250000000000462e-01 1.786865030729517301e+00
-9.287500000000004086e-02 2.081249999999998934e-01 1.719269870237043474e+00
-1.691249999999999698e-01 1.181250000000000355e-01 2.085744160817013082e+00
-5.662499999999992539e-02 1.793750000000000622e-01 2.145222356632972893e+00
-1.553750000000000409e-01 5.153750000000001386e-01 2.425476720686801535e+00
-1.438749999999999751e-01 4.451249999999999929e-01 1.910108998214084863e+00
-2.086250000000000604e-01 1.626250000000000195e-01 2.080631602511124889e+00
-1.066249999999999698e-01 2.308750000000001634e-01 1.539832259216023180e+00
-2.387499999999997957e-02 1.856249999999999289e-01 2.481634102847614542e+00
-2.651250000000000551e-01 1.996250000000001634e-01 2.562810285866332194e+00
-1.381250000000000533e-01 1.056249999999998579e-01 2.386133033256851554e+00
-1.131249999999999201e-01 4.853749999999998899e-01 1.839014737007975242e+00
2.062499999999989342e-02 3.438750000000001528e-01 2.394645306129716378e+00
-8.387499999999992184e-02 7.912499999999988987e-02 2.189002468767074827e+00
3.750000000000142109e-04 3.371249999999998970e-01 2.146980610209157536e+00
-1.113750000000000018e-01 3.336250000000000604e-01 9.854426986531973354e-01
-2.823750000000000426e-01 2.996250000000000302e-01 2.547907537051742999e+00
-6.874999999999964473e-03 3.503750000000001030e-01 2.131965233859698827e+00
-2.731250000000000622e-01 2.383750000000000036e-01 2.540908547004060214e+00
-1.406250000000000000e-01 4.948749999999999538e-01 2.168776770874722537e+00
-1.003749999999999920e-01 4.162500000000002309e-02 2.637659132139423157e+00
-4.562500000000002665e-02 9.062500000000017764e-02 2.394240426425580548e+00
-1.586250000000000160e-01 6.462499999999993250e-02 2.533225042525808490e+00
-2.237500000000003375e-02 2.676250000000000018e-01 2.168793910170178751e+00
-1.521250000000000657e-01 5.001250000000001528e-01 2.312619342546416323e+00
-1.361250000000000515e-01 5.186250000000001137e-01 2.248902430719617485e+00
-5.937499999999995559e-02 4.408750000000001279e-01 1.986513675783388555e+00
-1.411249999999999449e-01 2.283749999999999947e-01 1.269849964211196225e+00
-8.712499999999989697e-02 6.401250000000000551e-01 2.671836455076199268e+00
-1.111249999999999183e-01 4.301249999999998685e-01 1.470436823506385160e+00
2.912500000000006750e-02 3.411249999999999005e-01 2.472361767034888302e+00
-6.787499999999990763e-02 4.098749999999999893e-01 1.664677920735316174e+00
-1.931249999999999911e-01 3.231250000000001066e-01 1.596452474568125224e+00
2.437500000000003553e-02 3.936250000000001137e-01 2.662414097864060469e+00
-2.088749999999999218e-01 4.033750000000000391e-01 2.272148753945181898e+00
-2.448749999999999538e-01 3.436250000000000693e-01 2.211988545417622021e+00
-9.137499999999998401e-02 4.113750000000000462e-01 1.416604029750607951e+00
-6.887500000000001954e-02 4.323749999999999538e-01 1.834915314478126946e+00
-1.786250000000000338e-01 2.748750000000002025e-01 1.470940102808878880e+00
-2.536249999999999893e-01 2.621250000000001634e-01 2.278376538625399128e+00
-4.262499999999991296e-02 1.051250000000001350e-01 2.404647377130697539e+00
-5.262499999999992184e-02 4.053750000000000409e-01 1.831747445986206424e+00
-1.048750000000000515e-01 1.211250000000001492e-01 2.102131382313261465e+00
-6.249999999999866773e-04 3.983750000000001457e-01 2.390497557424170694e+00
-7.287500000000002309e-02 2.338750000000000551e-01 1.889956012798945206e+00
-3.737499999999993605e-02 3.996249999999998970e-01 2.001187840305100440e+00
-2.046250000000000568e-01 1.988750000000001350e-01 1.941253006754602106e+00
-5.212499999999997691e-02 2.723750000000000338e-01 1.813801397009929817e+00
-9.862499999999996270e-02 2.468750000000001776e-01 1.551233727584899746e+00
-6.662499999999993427e-02 8.912500000000012079e-02 2.174610052624140977e+00
-9.812500000000001776e-02 1.468750000000000888e-01 1.845094115521234590e+00
-6.712499999999999023e-02 5.633750000000001812e-01 2.430573940710100356e+00
-2.278750000000000497e-01 1.641249999999998543e-01 2.275661618844764700e+00
-1.656249999999999112e-01 9.487500000000004263e-02 2.270589226956217122e+00
-3.137499999999993072e-02 1.378750000000001918e-01 2.474829708768635061e+00
-1.696249999999999147e-01 2.861250000000001847e-01 1.348244013434976907e+00
-1.671249999999999680e-01 4.756249999999999645e-01 2.334074908918778224e+00
-1.878750000000000142e-01 1.273750000000000160e-01 2.192443635007239155e+00
-2.461249999999999272e-01 3.786249999999999893e-01 2.471779828222574693e+00
-1.512500000000005507e-02 2.286250000000000782e-01 2.507622858742508232e+00
8.375000000000021316e-03 2.963750000000000551e-01 2.237551682685025689e+00
-1.911249999999999893e-01 1.733750000000000568e-01 1.869943687479481920e+00
-1.961249999999999938e-01 2.446250000000000924e-01 1.731622080785957696e+00
-2.186250000000000693e-01 2.761249999999999538e-01 1.881731890228775850e+00
-1.183749999999998970e-01 5.731250000000001066e-01 2.461706539707156249e+00
-1.668749999999999956e-01 2.048749999999999183e-01 1.533064000974863728e+00
-1.887499999999997513e-02 1.228750000000000675e-01 2.629465507735273988e+00
-4.762500000000002842e-02 3.125000000000044409e-03 2.497514943869814541e+00
-1.987499999999997602e-02 3.256250000000000533e-01 1.877312226932772221e+00
-1.721249999999999725e-01 3.781250000000000444e-01 1.721197717946828076e+00
-2.141249999999998987e-01 1.263749999999999041e-01 2.473244566522462939e+00
-7.262499999999993960e-02 3.843749999999999112e-01 1.590301699886983222e+00
-2.423750000000000071e-01 3.928750000000000853e-01 2.534217701104549025e+00
-2.601249999999999396e-01 2.811249999999998472e-01 2.295067785099476954e+00
-6.237500000000006928e-02 2.711250000000000604e-01 1.717256443263783794e+00
-7.087500000000002132e-02 8.562500000000006217e-02 2.134852043932140120e+00
-2.912500000000006750e-02 3.138749999999999041e-01 1.723539278305488365e+00
-8.662499999999995204e-02 2.453750000000001208e-01 1.690245053142075404e+00
-2.201249999999999041e-01 3.866249999999999964e-01 2.267289864125052734e+00
-9.337499999999998579e-02 2.121249999999998970e-01 1.707868067511282062e+00
-3.712500000000007461e-02 9.137499999999998401e-02 2.482990012402972901e+00
-1.398749999999999716e-01 5.958749999999999325e-01 2.684609396647377633e+00
-2.337499999999992362e-02 1.048750000000000515e-01 2.608553461189258904e+00
-1.441250000000000586e-01 3.408750000000000391e-01 1.166168825243062201e+00
-6.212499999999998579e-02 2.111250000000000071e-01 2.038448118077794025e+00
-1.746250000000000302e-01 1.298750000000001847e-01 2.031484209911974759e+00
-2.162500000000000533e-02 2.943750000000000533e-01 1.939669977942116263e+00
-9.162500000000006750e-02 3.028750000000000053e-01 1.132222782810119011e+00
-9.037499999999998312e-02 1.891249999999999876e-01 1.774650795981000506e+00
-2.021249999999998881e-01 3.713750000000000107e-01 1.977624529000777898e+00
-2.987499999999998490e-02 1.166249999999999787e-01 2.522419284218557323e+00
-7.312499999999988454e-02 4.553750000000000853e-01 1.904631121956164019e+00
-1.153750000000000053e-01 3.413750000000002061e-01 1.070372531219974999e+00
-1.706250000000000266e-01 5.131250000000000533e-01 2.566576786595505144e+00
-9.237499999999998490e-02 3.121249999999999858e-01 1.045951632383534946e+00
-7.012499999999999289e-02 5.458750000000001101e-01 2.325988666381380021e+00
-1.816249999999999254e-01 3.531249999999999112e-01 1.638833572814063499e+00
-1.437500000000002665e-02 4.168750000000001066e-01 2.287100255299047369e+00
2.312500000000006217e-02 3.158750000000001279e-01 2.288615987280297137e+00
-2.496249999999999858e-01 1.973750000000000782e-01 2.409730289034518691e+00
-2.528749999999999609e-01 1.813750000000000639e-01 2.486392648553397589e+00
-9.387499999999993072e-02 6.141250000000000320e-01 2.567395545905947873e+00
-1.326249999999999929e-01 1.073749999999999982e-01 2.428665402169412513e+00
-9.187499999999992895e-02 5.416250000000000231e-01 2.076677944916195617e+00
-8.812500000000000888e-02 2.587500000000009237e-02 2.626427229345491998e+00
-1.653750000000000497e-01 2.613750000000001350e-01 1.368322748335894179e+00
-1.508749999999999813e-01 3.723749999999999005e-01 1.463070304515024400e+00
-1.249999999999307221e-04 4.383750000000001812e-01 2.608547503320230110e+00
9.125000000000049738e-03 4.266250000000000320e-01 2.627048843456000871e+00
-1.861249999999999849e-01 3.421250000000000124e-01 1.605661644568304736e+00
1.987499999999986500e-02 3.831250000000001599e-01 2.570153358035340396e+00
-7.487500000000002487e-02 5.278749999999998721e-01 2.199733956085731190e+00
-1.876249999999999307e-01 3.618749999999999467e-01 1.762680638620520934e+00
3.862500000000013145e-02 3.453749999999999876e-01 2.593846394265401756e+00
-1.201250000000000373e-01 2.186249999999998472e-01 1.562584192903587299e+00
-1.821249999999999813e-01 3.873750000000000249e-01 1.888789744510154245e+00
-2.873749999999999361e-01 2.501250000000001528e-01 2.655117521971061656e+00
-2.006250000000000533e-01 4.378750000000000142e-01 2.430876409197634924e+00
-5.162500000000003197e-02 3.098749999999999005e-01 1.488377580209584439e+00
-5.062499999999992006e-02 7.612499999999999822e-02 2.362520189359012868e+00
-9.012500000000001066e-02 3.211249999999998828e-01 1.111984303582155054e+00
-1.166249999999999787e-01 4.583750000000001990e-01 1.727124832886779648e+00
-2.831250000000000711e-01 3.496250000000000746e-01 2.637392142038500253e+00
-2.071250000000000036e-01 2.388750000000001705e-01 1.860684299884090231e+00
-2.063749999999999751e-01 3.053750000000001741e-01 1.807667931687909180e+00
-1.243749999999999023e-01 3.481250000000000178e-01 1.171847156054861561e+00
-2.606249999999999956e-01 2.818749999999998757e-01 2.298220052171225714e+00
-4.937499999999994671e-02 6.874999999999964473e-03 2.473848367188077546e+00
-1.373750000000000249e-01 9.912499999999990763e-02 2.451708866519640484e+00
-1.988749999999999130e-01 4.338750000000000107e-01 2.385460712276045392e+00
-2.263749999999999929e-01 1.371250000000001634e-01 2.498089458500801552e+00
-7.562500000000005329e-02 4.536250000000001670e-01 1.870321127416247231e+00
-5.537499999999995204e-02 5.631249999999998757e-01 2.555239906283777618e+00
-2.371250000000000302e-01 1.766250000000000320e-01 2.337128546171601595e+00
-1.041250000000000231e-01 2.168749999999999289e-01 1.587618358795044982e+00
-2.281249999999999112e-01 3.986250000000000071e-01 2.431962540088042690e+00
-1.583749999999999325e-01 6.137499999999995737e-02 2.564659776198281893e+00
-1.448749999999999760e-01 5.373749999999999361e-01 2.434919465998170551e+00
-1.208750000000000657e-01 1.498750000000002025e-01 2.061490051730019868e+00
-2.468749999999999556e-01 2.076250000000001705e-01 2.353893442426091109e+00
-1.016250000000000764e-01 1.331250000000001599e-01 1.981131186972692415e+00
-2.058750000000000302e-01 3.761250000000000426e-01 2.049319309854413795e+00
-1.343749999999999112e-01 3.628750000000000586e-01 1.225313513324471026e+00
-8.512499999999989519e-02 5.606249999999999289e-01 2.227313343017863545e+00
1.037500000000002309e-02 3.358750000000001457e-01 2.247626089173676789e+00
-6.412499999999998757e-02 4.571250000000000036e-01 2.008115450096718657e+00
-1.513750000000000373e-01 2.683750000000000302e-01 1.204200226612759383e+00
-3.262499999999990408e-02 1.481250000000000622e-01 2.446188402747396129e+00
1.250000000001527667e-04 2.321249999999999147e-01 2.663488194458006220e+00
-1.991249999999999964e-01 3.466249999999999609e-01 1.770419162238570765e+00
-1.962500000000000355e-02 3.423750000000000959e-01 1.958744185632548485e+00
-8.887500000000003730e-02 2.361249999999999183e-01 1.718138527980062280e+00
-2.648749999999999716e-01 2.583750000000000213e-01 2.403499301913615493e+00
-6.624999999999992006e-03 1.998750000000000249e-01 2.642163750919620746e+00
-1.033749999999999947e-01 6.887500000000001954e-02 2.468111648283690229e+00
-1.761249999999999760e-01 3.743750000000001243e-01 1.735098240406391046e+00
-2.158750000000000391e-01 3.776250000000000995e-01 2.160900970925511810e+00
-3.862499999999990941e-02 4.946250000000000924e-01 2.444636440663491062e+00
-5.387499999999989519e-02 2.491250000000000409e-01 2.001175369512214086e+00
-2.596249999999999947e-01 3.643749999999998934e-01 2.506612171657947030e+00
3.962500000000002132e-02 3.353749999999999787e-01 2.557187788250664173e+00
-8.137499999999997513e-02 8.387499999999992184e-02 2.128006819588325271e+00
-2.066250000000000586e-01 2.553749999999999076e-01 1.812071031732231052e+00
-1.748749999999998916e-01 4.558750000000000302e-01 2.298079520571429502e+00
-2.491250000000000409e-01 2.323749999999999982e-01 2.310910639142043532e+00
-1.071249999999999147e-01 3.263750000000000817e-01 9.573659255770200494e-01
-2.962500000000001243e-02 4.166250000000000231e-01 2.120324934008445350e+00
-1.046249999999999680e-01 3.656250000000000888e-01 1.165855917848903189e+00
-1.953750000000000764e-01 4.566250000000000586e-01 2.508586416510273143e+00
-3.037500000000004086e-02 1.416249999999998899e-01 2.479768007546143238e+00
-2.376249999999999751e-01 2.201249999999999041e-01 2.225263117183586825e+00
-6.612499999999998934e-02 5.776250000000000551e-01 2.499599750268709286e+00
3.662499999999990763e-02 3.673750000000000071e-01 2.675939997306534313e+00
-4.362500000000002487e-02 3.091249999999998721e-01 1.578703197477560494e+00
-1.412499999999994316e-02 1.683750000000001634e-01 2.611135327749232626e+00
1.287500000000019185e-02 4.288750000000001172e-01 2.687474879949613094e+00
-2.398750000000000604e-01 3.498749999999999361e-01 2.206015359265720566e+00
-1.631249999999999645e-01 2.673749999999999183e-01 1.329257254007897959e+00
-1.296249999999999902e-01 4.806249999999998579e-01 1.981304859760136150e+00
-2.908749999999999947e-01 2.718750000000000888e-01 2.633153050963106701e+00
-1.353750000000000231e-01 1.593750000000000444e-01 1.938798070383255245e+00
-8.637499999999997957e-02 3.511250000000001315e-01 1.291539231774463614e+00
-1.758750000000000036e-01 4.831250000000000266e-01 2.461836024798921940e+00
