-1.028859405140427175e+00 5.149112985754119437e-02
-1.013273748301304122e+00 5.039108860835698339e-02
-9.974280439389858754e-01 4.945453516400731553e-02
-9.813256743114995295e-01 4.867944597467620954e-02
-9.649701340324160492e-01 4.806224531373511077e-02
-9.483650288954129648e-01 4.759780669064229280e-02
-9.315140746309515940e-01 4.727952710531705544e-02
-9.144210955952701836e-01 4.709947009623326186e-02
-8.970900233916634381e-01 4.704856615678553594e-02
-8.795248954259281549e-01 4.711685354651529156e-02
-8.617298533954328432e-01 4.729373974513823714e-02
-8.437091417132924764e-01 4.756826398060142597e-02
-8.254671058683420437e-01 4.792934394020074984e-02
-8.070081907216837269e-01 4.836599410108511493e-02
-7.883369387405581019e-01 4.886750796073609238e-02
-7.694579881707515057e-01 4.942360109697889470e-02
-7.503760711485830681e-01 5.002451573941331386e-02
-7.310960117529240465e-01 5.066109016167547746e-02
-7.116227239996035792e-01 5.132479781440751898e-02
-6.919612097774645587e-01 5.200776171980213414e-02
-6.721165567296233379e-01 5.270274964435161386e-02
-6.520939360787946226e-01 5.340315509046349163e-02
-6.318986003996887035e-01 5.410296843368297970e-02
-6.115358813391361670e-01 5.479674178569898108e-02
-5.910111872853042181e-01 5.547955037767711428e-02
-5.703300009873772947e-01 5.614695258175238929e-02
-5.494978771276763929e-01 5.679495013565647593e-02
-5.285204398469454112e-01 5.741994961903924832e-02
-5.074033802247627234e-01 5.801872590735860508e-02
-4.861524537168312454e-01 5.858838802459160472e-02
-4.647734775504432925e-01 5.912634761725302224e-02
-4.432723280795533016e-01 5.963029011141493529e-02
-4.216549381018768194e-01 6.009814854548373164e-02
-3.999272941390921710e-01 6.052807996273336377e-02
-3.780954336818518335e-01 6.091844424894157090e-02
-3.561654424022059340e-01 6.126778524580833024e-02
-3.341434513335364009e-01 6.157481397856076621e-02
-3.120356340224008651e-01 6.183839384655276383e-02
-2.898482036512439741e-01 6.205752760344417779e-02
-2.675874101360389834e-01 6.223134600028049079e-02
-2.452595371997619011e-01 6.235909794854462701e-02
-2.228708994238657037e-01 6.244014209907039481e-02
-2.004278392792386010e-01 6.247393972568338755e-02
-1.779367241398627786e-01 6.246004884574297977e-02
-1.554039432791983755e-01 6.239811949349406694e-02
-1.328359048530944886e-01 6.228789011781821205e-02
-1.102390328701141065e-01 6.212918504412912740e-02
-8.761976415197070267e-02 6.192191301759761290e-02
-6.498454528493297078e-02 6.166606678486755144e-02
-4.233982956592741154e-02 6.136172378274816486e-02
-1.969207394421540469e-02 6.100904792835675633e-02
2.952264040060770256e-03 6.060829259607988795e-02
2.558672931572786302e-02 6.015980485392268678e-02
4.820487234034082080e-02 5.966403106469283374e-02
7.080025215480623135e-02 5.912152399530695018e-02
9.336643943262357137e-02 5.853295159705295542e-02
1.158970195210846932e-01 5.789910766129045816e-02
1.383855954728205606e-01 5.722092460774214767e-02
1.608257910647657440e-01 5.649948869103458421e-02
1.832112538038070670e-01 5.573605798544495338e-02
2.055356579161669028e-01 5.493208356630709110e-02
2.277927073191754193e-01 5.408923435846074018e-02
2.499761385731217866e-01 5.320942622535337896e-02
2.720797238110340688e-01 5.229485593967762164e-02
2.940972736454902092e-01 5.134804073927032309e-02
3.160226400491378262e-01 5.037186427958997154e-02
3.378497192083523282e-01 4.936962979919817113e-02
3.595724543470974477e-01 4.834512136511531777e-02
3.811848385204581469e-01 4.730267395451418638e-02
4.026809173743163273e-01 4.624725295562063382e-02
4.240547918710181330e-01 4.518454329014017640e-02
4.453006209783819669e-01 4.412104766121845156e-02
4.664126243206743183e-01 4.306419232591979923e-02
4.873850847898905658e-01 4.202243714367587951e-02
5.082123511152103479e-01 4.100538418382070061e-02
5.288888403899949520e-01 4.002387584875508747e-02
5.494090405533283983e-01 3.909006921717619182e-02
5.697675128263581801e-01 3.821746823338447591e-02
5.899588941002674725e-01 3.742089027099391313e-02
6.099778992754860685e-01 3.671633964172834469e-02
6.298193235500819664e-01 3.612076005548004592e-02
6.494780446566245091e-01 3.565164355014509984e-02
6.689490250451584075e-01 3.532648793113908614e-02
6.882273140127470601e-01 3.516211917531904263e-02
7.073080497759729468e-01 3.517392743779943626e-02
7.261864614873052570e-01 3.537509764671718099e-02
7.448578711928808271e-01 3.577593692432094047e-02
7.633176957315812583e-01 3.638340001179069666e-02
7.815614485731896544e-01 3.720088561982072550e-02
7.995847415956515158e-01 3.822832734076058586e-02
8.173832868001259522e-01 3.946254775197595432e-02
8.349528979625123748e-01 4.089780127776136004e-02
8.522894922214496738e-01 4.252641179664908011e-02
8.693890916008328862e-01 4.433941583627606237e-02
8.862478244676337269e-01 4.632714392412348031e-02
9.028619269227959876e-01 4.847970082724409324e-02
9.192277441252660886e-01 5.078733103712224084e-02
9.353417315488756767e-01 5.324067444820460016e-02
9.512004561708309325e-01 5.583092783578494367e-02
9.668005975918512185e-01 5.854993181516789102e-02
-5.972209157844883265e-01 3.366289569276654636e-03
-5.892443782006322461e-01 3.278291131317540193e-03
-5.812542298255310991e-01 3.205028774830694354e-03
-5.732508421777890995e-01 3.146540343025527008e-03
-5.652345878110716093e-01 3.102675082962957302e-03
-5.572058402981299174e-01 3.073082447268072823e-03
-5.491649741903967819e-01 3.057214818709109560e-03
-5.411123649918215817e-01 3.054343109666277957e-03
-5.330483891370360050e-01 3.063583578781797160e-03
-5.249734239532030111e-01 3.083933166934456783e-03
-5.168878476324870741e-01 3.114308707727517309e-03
-5.087920392074423148e-01 3.153585832020055699e-03
-5.006863785139245016e-01 3.200634138583597233e-03
-4.925712461667935971e-01 3.254346833563784812e-03
-4.844470235298645178e-01 3.313663207197583421e-03
-4.763140926839155576e-01 3.377584555911051448e-03
-4.681728363936948911e-01 3.445183944900714196e-03
-4.600236380892144261e-01 3.515610495867352130e-03
-4.518668818217814187e-01 3.588090466521723539e-03
-4.437029522444773111e-01 3.661925205981587592e-03
-4.355322345760201386e-01 3.736486989783347531e-03
-4.273551145713136989e-01 3.811214254135365798e-03
-4.191719784927682158e-01 3.885605901740786950e-03
-4.109832130813617646e-01 3.959215824242450638e-03
-4.027892055204018718e-01 4.031646987053581072e-03
-3.945903434091078132e-01 4.102546601029973504e-03
-3.863870147337260530e-01 4.171600925500557402e-03
-3.781796078352004375e-01 4.238530894318906159e-03
-3.699685113728645169e-01 4.303088311904543911e-03
-3.617541143052861452e-01 4.365052113310813331e-03
-3.535368058490105936e-01 4.424225202957985867e-03
-3.453169754538041869e-01 4.480431845812043665e-03
-3.370950127704683830e-01 4.533514961094759974e-03
-3.288713076190818985e-01 4.583334378425888388e-03
-3.206462499562081625e-01 4.629764425447394083e-03
-3.124202298536562505e-01 4.672692764259112584e-03
-3.041936374550078259e-01 4.712018845544820034e-03
-2.959668629512746674e-01 4.747652416327376862e-03
-2.877402965490108988e-01 4.779512851516774276e-03
-2.795143284458860844e-01 4.807527754819643229e-03
-2.712893487822417016e-01 4.831632637306255279e-03
-2.630657476318071231e-01 4.851769745260388692e-03
-2.548439149545410620e-01 4.867887733332279879e-03
-2.466242405776369606e-01 4.879941042703559925e-03
-2.384071141557914941e-01 4.887889402834367722e-03
-2.301929251401992615e-01 4.891697536656925034e-03
-2.219820627586147899e-01 4.891334809507393196e-03
-2.137749159734435578e-01 4.886774913983859929e-03
-2.055718734562045902e-01 4.877995604095519688e-03
-1.973733235530807095e-01 4.864978721155201365e-03
-1.891796542610096887e-01 4.847709766549752886e-03
-1.809912531869071750e-01 4.826178299817658959e-03
-1.728085075292837836e-01 4.800377331299393070e-03
-1.646318040386966497e-01 4.770303702147284802e-03
-1.564615289883267701e-01 4.735958028722887098e-03
-1.482980681488198782e-01 4.697344862910102746e-03
-1.401418067535271095e-01 4.654472884702127305e-03
-1.319931294655949938e-01 4.607354937848243646e-03
-1.238524203578260374e-01 4.556008601046251244e-03
-1.157200628717727220e-01 4.500456312284350190e-03
-1.075964397874278611e-01 4.440726030560867947e-03
-9.948193320765078007e-02 4.376851717017305084e-03
-9.137692450975462566e-02 4.308874052962903892e-03
-8.328179433197549497e-02 4.236841162082207769e-03
-7.519692252427148671e-02 4.160810093997881556e-03
-6.712268814183969257e-02 4.080847376921236704e-03
-5.905946939631989689e-02 3.997031315049473336e-03
-5.100764363448512251e-02 3.909453293301170043e-03
-4.296758731250122088e-02 3.818220413513690077e-03
-3.493967595910707491e-02 3.723458111059094015e-03
-2.692428414601749642e-02 3.625313792295133813e-03
-1.892178546804196282e-02 3.523961103584878022e-03
-1.093255250461450112e-02 3.419605120250644986e-03
-2.956956794405718458e-03 3.312489204315672946e-03
5.004631189700348148e-03 3.202903030743181438e-03
1.295184207915595076e-02 3.091193195679162870e-03
2.088430762872262036e-02 2.977776186337335873e-03
2.880166074574525004e-02 2.863154135214525473e-03
3.670353552373573081e-02 2.747935589031175359e-03
4.458956727147922461e-02 2.632860317021486207e-03
5.245939253049425322e-02 2.518829126258455720e-03
6.031264911691675001e-02 2.406940286530709957e-03
6.814897613600817694e-02 2.298529922276920743e-03
7.596801402053854346e-02 2.195214418869687652e-03
8.376940454856052209e-02 2.098928815173290753e-03
9.155279088457685122e-02 2.011948730401198239e-03
9.931781758967439533e-02 1.936875711298955945e-03
1.070641306615028876e-01 1.876564626603666143e-03
1.147913775548700110e-01 1.833964560468305440e-03
1.224992072118274988e-01 1.811869743947391561e-03
1.301872700852524378e-01 1.812607569047740719e-03
1.378552181669988608e-01 1.837738736435943696e-03
1.455027050145971668e-01 1.887866278216681877e-03
1.531293857730076091e-01 1.962622587140397737e-03
1.607349172096189105e-01 2.060830029961929679e-03
1.683189577293455197e-01 2.180767460781192837e-03
1.758811674074604037e-01 2.320450518447835821e-03
1.834212080126534916e-01 2.477859881041723743e-03
1.909387430298367105e-01 2.651093155834641831e-03
1.984334376901305541e-01 2.838444752781868387e-03
-4.592517686669470578e-01 1.190213073871346184e-03
-4.528250431520444153e-01 1.143157121495782733e-03
-4.463896319869742335e-01 1.097088128378846802e-03
-4.399457353565451312e-01 1.052010872431038795e-03
-4.334935538866855342e-01 1.007929894649772741e-03
-4.270332886130894234e-01 9.648538667811077177e-04
-4.205651409788135897e-01 9.227955119750489614e-04
-4.140893128238509746e-01 8.817712327125643316e-04
-4.076060063922234411e-01 8.417977925737453807e-04
-4.011154242785405222e-01 8.029022127774994820e-04
-3.946177694663881574e-01 7.651130379326123374e-04
-3.881132452838177427e-01 7.284678331165108951e-04
-3.816020554067299786e-01 6.930093107203094726e-04
-3.750844038462195495e-01 6.587899537584626262e-04
-3.685604949326762858e-01 6.258711492122983992e-04
-3.620305333208597154e-01 5.943245115293650056e-04
-3.554947239551662364e-01 5.642363545421739089e-04
-3.489532720795781584e-01 5.357018015879465994e-04
-3.424063832162408394e-01 5.088334247173741023e-04
-3.358542631647952748e-01 4.837554070601284895e-04
-3.292971179668494619e-01 4.606076017460963954e-04
-3.227351539350549192e-01 4.395350555080566597e-04
-3.161685776033359430e-01 4.206975260913986222e-04
-3.095975957391681188e-01 4.042472831870782190e-04
-3.030224153257375930e-01 3.903363750632257278e-04
-2.964432435538628674e-01 3.790826838079126783e-04
-2.898602878040771325e-01 3.705783615851530833e-04
-2.832737556429711923e-01 3.648685354676496216e-04
-2.766838548134484266e-01 3.619410460159711539e-04
-2.700907932065229611e-01 3.617293037385519751e-04
-2.634947788903295729e-01 3.641024112991698438e-04
-2.568960200422022444e-01 3.688904440669121755e-04
-2.502947249919112438e-01 3.758879022764873988e-04
-2.436911021729268323e-01 3.848623971623379861e-04
-2.370853601313706038e-01 3.955855200196210070e-04
-2.304777075125046260e-01 4.078279968992677088e-04
-2.238683530451290593e-01 4.213758475809331020e-04
-2.172575055227511931e-01 4.360309632811657280e-04
-2.106453738149898225e-01 4.516188722671979090e-04
-2.040321668371710695e-01 4.679857945851417962e-04
-1.974180935463339115e-01 4.850016927785336367e-04
-1.908033629268580667e-01 5.025507522555646344e-04
-1.841881839945384847e-01 5.205394029718908664e-04
-1.775727657526203485e-01 5.388893032916884998e-04
-1.709573172161109045e-01 5.575347660235794667e-04
-1.643420473872750365e-01 5.764225799021558544e-04
-1.577271652341417085e-01 5.955119694527164116e-04
-1.511128796988584488e-01 6.147696715885584556e-04
-1.444993996670571879e-01 6.341701726320606459e-04
-1.378869339687096573e-01 6.536980693158978310e-04
-1.312756913704170858e-01 6.733403773428471009e-04
-1.246658805568460482e-01 6.930931288268122681e-04
-1.180577101125620532e-01 7.129555168722524977e-04
-1.114513885337368171e-01 7.329314895338291972e-04
-1.048471241994685110e-01 7.530310780392132555e-04
-9.824512536047716460e-02 7.732632465595380309e-04
-9.164560013420378071e-02 7.936448152686069978e-04
-8.504875649880513921e-02 8.141942543414025036e-04
-7.845480226760448428e-02 8.349326804746844480e-04
-7.186394509013491194e-02 8.558838008375383105e-04
-6.527639243674207559e-02 8.770725835644611933e-04
-5.869235159052277329e-02 8.985296103602281956e-04
-5.211202962995448162e-02 9.202850719318280770e-04
-4.553563343068306457e-02 9.423701228025281205e-04
-3.896336963409779974e-02 9.648222098723764758e-04
-3.239544466422858426e-02 9.876758203530031175e-04
-2.583206468671650491e-02 1.010967359254933730e-03
-1.927343562669830979e-02 1.034737141812975192e-03
-1.271976313046707663e-02 1.059026470709083277e-03
-6.171252576634173037e-03 1.083875197104279715e-03
3.718909380820700772e-04 1.109327182959165842e-03
6.909462627899487508e-03 1.135424810839165454e-03
1.344125800033094120e-02 1.162212887391586569e-03
1.996707289698032572e-02 1.189735122123765018e-03
2.648670346811757281e-02 1.218037402966316071e-03
3.299994622521995602e-02 1.247165378719872686e-03
3.950659801113567959e-02 1.277163275825801214e-03
4.600645604863493054e-02 1.308078833272729308e-03
5.249931791426024064e-02 1.339954786038844445e-03
5.898498157805115438e-02 1.372837359163721783e-03
6.546324540386103119e-02 1.406771603533220382e-03
7.193390813610378576e-02 1.441802442937390816e-03
7.839676897299380220e-02 1.477973364147442282e-03
8.485162749635735691e-02 1.515327441738094577e-03
9.129828374672055435e-02 1.553907536685759407e-03
9.773653819582023283e-02 1.593754223974591872e-03
1.041661917825898731e-01 1.634909587396201919e-03
1.105870458962196212e-01 1.677413362105901248e-03
1.169989024102430497e-01 1.721304484146298245e-03
1.234015636861602039e-01 1.766620701014168151e-03
1.297948325745714448e-01 1.813399490228613607e-03
1.361785124325158025e-01 1.861676960080546357e-03
1.425524071301979279e-01 1.911487418888380271e-03
1.489163210797175563e-01 1.962865623510457944e-03
1.552700591985543832e-01 2.015844264501701066e-03
1.616134269788188915e-01 2.070454906225770858e-03
1.679462304563198172e-01 2.126728529987950700e-03
1.742682762288647880e-01 2.184695762328147609e-03
1.805793714753811396e-01 2.244385188880226346e-03
1.868793239589679744e-01 2.305824943879506827e-03
