-1.036320373095112934e+00
-1.016118352893092602e+00
-9.959163326910726033e-01
-9.757143124890524932e-01
-9.555122922870321611e-01
-9.353102720850120511e-01
-9.151082518829919410e-01
-8.949062316809716089e-01
-8.747042114789512768e-01
-8.545021912769311667e-01
-8.343001710749110567e-01
-8.140981508728907245e-01
-7.938961306708706145e-01
-7.736941104688503934e-01
-7.534920902668301723e-01
-7.332900700648100623e-01
-7.130880498627897301e-01
-6.928860296607696201e-01
-6.726840094587493990e-01
-6.524819892567291779e-01
-6.322799690547089568e-01
-6.120779488526887357e-01
-5.918759286506686257e-01
-5.716739084486482936e-01
-5.514718882466281835e-01
-5.312698680446079624e-01
-5.110678478425877413e-01
-4.908658276405675203e-01
-4.706638074385472992e-01
-4.504617872365271891e-01
-4.302597670345069680e-01
-4.100577468324867469e-01
-3.898557266304665259e-01
-3.696537064284463048e-01
-3.494516862264260837e-01
-3.292496660244058626e-01
-3.090476458223857525e-01
-2.888456256203655315e-01
-2.686436054183453104e-01
-2.484415852163250615e-01
-2.282395650143048405e-01
-2.080375448122846194e-01
-1.878355246102645093e-01
-1.676335044082442882e-01
-1.474314842062240671e-01
-1.272294640042038461e-01
-1.070274438021836250e-01
-8.682542360016340388e-02
-6.662340339814329382e-02
-4.642138319612307273e-02
-2.621936299410285165e-02
-6.017342792082519543e-03
1.418467740993759052e-02
3.438669761195770058e-02
5.458871781397803269e-02
7.479073801599814275e-02
9.499275821801847486e-02
1.151947784200385849e-01
1.353967986220586950e-01
1.555988188240790271e-01
1.758008390260991372e-01
1.960028592281194693e-01
2.162048794301395793e-01
2.364068996321599114e-01
2.566089198341799937e-01
2.768109400362001038e-01
2.970129602382204359e-01
3.172149804402405460e-01
3.374170006422608781e-01
3.576190208442809881e-01
3.778210410463013202e-01
3.980230612483214303e-01
4.182250814503415404e-01
4.384271016523618725e-01
4.586291218543819825e-01
4.788311420564023146e-01
4.990331622584224247e-01
5.192351824604425348e-01
5.394372026624628669e-01
5.596392228644829769e-01
5.798412430665033090e-01
6.000432632685234191e-01
6.202452834705437512e-01
6.404473036725638613e-01
6.606493238745839713e-01
6.808513440766043034e-01
7.010533642786244135e-01
7.212553844806447456e-01
7.414574046826648557e-01
7.616594248846851878e-01
7.818614450867052978e-01
8.020634652887254079e-01
8.222654854907457400e-01
8.424675056927658501e-01
8.626695258947861822e-01
8.828715460968062922e-01
9.030735662988264023e-01
9.232755865008467344e-01
9.434776067028668445e-01
9.636796269048869545e-01
-1.036320373095112934e+00
-1.016118352893092602e+00
-9.959163326910726033e-01
-9.757143124890524932e-01
-9.555122922870321611e-01
-9.353102720850120511e-01
-9.151082518829919410e-01
-8.949062316809716089e-01
-8.747042114789512768e-01
-8.545021912769311667e-01
-8.343001710749110567e-01
-8.140981508728907245e-01
-7.938961306708706145e-01
-7.736941104688503934e-01
-7.534920902668301723e-01
-7.332900700648100623e-01
-7.130880498627897301e-01
-6.928860296607696201e-01
-6.726840094587493990e-01
-6.524819892567291779e-01
-6.322799690547089568e-01
-6.120779488526887357e-01
-5.918759286506686257e-01
-5.716739084486482936e-01
-5.514718882466281835e-01
-5.312698680446079624e-01
-5.110678478425877413e-01
-4.908658276405675203e-01
-4.706638074385472992e-01
-4.504617872365271891e-01
-4.302597670345069680e-01
-4.100577468324867469e-01
-3.898557266304665259e-01
-3.696537064284463048e-01
-3.494516862264260837e-01
-3.292496660244058626e-01
-3.090476458223857525e-01
-2.888456256203655315e-01
-2.686436054183453104e-01
-2.484415852163250615e-01
-2.282395650143048405e-01
-2.080375448122846194e-01
-1.878355246102645093e-01
-1.676335044082442882e-01
-1.474314842062240671e-01
-1.272294640042038461e-01
-1.070274438021836250e-01
-8.682542360016340388e-02
-6.662340339814329382e-02
-4.642138319612307273e-02
-2.621936299410285165e-02
-6.017342792082519543e-03
1.418467740993759052e-02
3.438669761195770058e-02
5.458871781397803269e-02
7.479073801599814275e-02
9.499275821801847486e-02
1.151947784200385849e-01
1.353967986220586950e-01
1.555988188240790271e-01
1.758008390260991372e-01
1.960028592281194693e-01
2.162048794301395793e-01
2.364068996321599114e-01
2.566089198341799937e-01
2.768109400362001038e-01
2.970129602382204359e-01
3.172149804402405460e-01
3.374170006422608781e-01
3.576190208442809881e-01
3.778210410463013202e-01
3.980230612483214303e-01
4.182250814503415404e-01
4.384271016523618725e-01
4.586291218543819825e-01
4.788311420564023146e-01
4.990331622584224247e-01
5.192351824604425348e-01
5.394372026624628669e-01
5.596392228644829769e-01
5.798412430665033090e-01
6.000432632685234191e-01
6.202452834705437512e-01
6.404473036725638613e-01
6.606493238745839713e-01
6.808513440766043034e-01
7.010533642786244135e-01
7.212553844806447456e-01
7.414574046826648557e-01
7.616594248846851878e-01
7.818614450867052978e-01
8.020634652887254079e-01
8.222654854907457400e-01
8.424675056927658501e-01
8.626695258947861822e-01
8.828715460968062922e-01
9.030735662988264023e-01
9.232755865008467344e-01
9.434776067028668445e-01
9.636796269048869545e-01
-1.036320373095112934e+00
-1.016118352893092602e+00
-9.959163326910726033e-01
-9.757143124890524932e-01
-9.555122922870321611e-01
-9.353102720850120511e-01
-9.151082518829919410e-01
-8.949062316809716089e-01
-8.747042114789512768e-01
-8.545021912769311667e-01
-8.343001710749110567e-01
-8.140981508728907245e-01
-7.938961306708706145e-01
-7.736941104688503934e-01
-7.534920902668301723e-01
-7.332900700648100623e-01
-7.130880498627897301e-01
-6.928860296607696201e-01
-6.726840094587493990e-01
-6.524819892567291779e-01
-6.322799690547089568e-01
-6.120779488526887357e-01
-5.918759286506686257e-01
-5.716739084486482936e-01
-5.514718882466281835e-01
-5.312698680446079624e-01
-5.110678478425877413e-01
-4.908658276405675203e-01
-4.706638074385472992e-01
-4.504617872365271891e-01
-4.302597670345069680e-01
-4.100577468324867469e-01
-3.898557266304665259e-01
-3.696537064284463048e-01
-3.494516862264260837e-01
-3.292496660244058626e-01
-3.090476458223857525e-01
-2.888456256203655315e-01
-2.686436054183453104e-01
-2.484415852163250615e-01
-2.282395650143048405e-01
-2.080375448122846194e-01
-1.878355246102645093e-01
-1.676335044082442882e-01
-1.474314842062240671e-01
-1.272294640042038461e-01
-1.070274438021836250e-01
-8.682542360016340388e-02
-6.662340339814329382e-02
-4.642138319612307273e-02
-2.621936299410285165e-02
-6.017342792082519543e-03
1.418467740993759052e-02
3.438669761195770058e-02
5.458871781397803269e-02
7.479073801599814275e-02
9.499275821801847486e-02
1.151947784200385849e-01
1.353967986220586950e-01
1.555988188240790271e-01
1.758008390260991372e-01
1.960028592281194693e-01
2.162048794301395793e-01
2.364068996321599114e-01
2.566089198341799937e-01
2.768109400362001038e-01
2.970129602382204359e-01
3.172149804402405460e-01
3.374170006422608781e-01
3.576190208442809881e-01
3.778210410463013202e-01
3.980230612483214303e-01
4.182250814503415404e-01
4.384271016523618725e-01
4.586291218543819825e-01
4.788311420564023146e-01
4.990331622584224247e-01
5.192351824604425348e-01
5.394372026624628669e-01
5.596392228644829769e-01
5.798412430665033090e-01
6.000432632685234191e-01
6.202452834705437512e-01
6.404473036725638613e-01
6.606493238745839713e-01
6.808513440766043034e-01
7.010533642786244135e-01
7.212553844806447456e-01
7.414574046826648557e-01
7.616594248846851878e-01
7.818614450867052978e-01
8.020634652887254079e-01
8.222654854907457400e-01
8.424675056927658501e-01
8.626695258947861822e-01
8.828715460968062922e-01
9.030735662988264023e-01
9.232755865008467344e-01
9.434776067028668445e-01
9.636796269048869545e-01
