-1.036195373095112782e+00
-1.015995878145617981e+00
-9.957963831961230694e-01
-9.755968882466282688e-01
-9.553973932971332461e-01
-9.351978983476382234e-01
-9.149984033981432008e-01
-8.947989084486484002e-01
-8.745994134991533775e-01
-8.543999185496585769e-01
-8.342004236001635542e-01
-8.140009286506685315e-01
-7.938014337011735089e-01
-7.736019387516787083e-01
-7.534024438021836856e-01
-7.332029488526887739e-01
-7.130034539031938623e-01
-6.928039589536988396e-01
-6.726044640042039280e-01
-6.524049690547090163e-01
-6.322054741052139937e-01
-6.120059791557190820e-01
-5.918064842062241704e-01
-5.716069892567291477e-01
-5.514074943072342361e-01
-5.312079993577392134e-01
-5.110085044082443018e-01
-4.908090094587493901e-01
-4.706095145092543675e-01
-4.504100195597594558e-01
-4.302105246102645442e-01
-4.100110296607695215e-01
-3.898115347112746099e-01
-3.696120397617796982e-01
-3.494125448122846755e-01
-3.292130498627897639e-01
-3.090135549132948523e-01
-2.888140599637998296e-01
-2.686145650143049179e-01
-2.484150700648099785e-01
-2.282155751153149559e-01
-2.080160801658200442e-01
-1.878165852163251326e-01
-1.676170902668301099e-01
-1.474175953173351983e-01
-1.272181003678402866e-01
-1.070186054183452640e-01
-8.681911046885035232e-02
-6.661961551935544068e-02
-4.642012056986041801e-02
-2.622062562036539535e-02
-6.021130670870594725e-03
1.417836427862442794e-02
3.437785922811945061e-02
5.457735417761425123e-02
7.477684912710927390e-02
9.497634407660429656e-02
1.151758390260990972e-01
1.353753339755941199e-01
1.555748289250891425e-01
1.757743238745839431e-01
1.959738188240789658e-01
2.161733137735739885e-01
2.363728087230687891e-01
2.565723036725637840e-01
2.767717986220588067e-01
2.969712935715536073e-01
3.171707885210486300e-01
3.373702834705436526e-01
3.575697784200384532e-01
3.777692733695334759e-01
3.979687683190284986e-01
4.181682632685232992e-01
4.383677582180183219e-01
4.585672531675133445e-01
4.787667481170081452e-01
4.989662430665031678e-01
5.191657380159981905e-01
5.393652329654929911e-01
5.595647279149880138e-01
5.797642228644830364e-01
5.999637178139778371e-01
6.201632127634728597e-01
6.403627077129678824e-01
6.605622026624626830e-01
6.807616976119577057e-01
7.009611925614527284e-01
7.211606875109475290e-01
7.413601824604425516e-01
7.615596774099375743e-01
7.817591723594323749e-01
8.019586673089273976e-01
8.221581622584224203e-01
8.423576572079172209e-01
8.625571521574122436e-01
8.827566471069072662e-01
9.029561420564020668e-01
9.231556370058970895e-01
9.433551319553921122e-01
9.635546269048870238e-01
-5.943961543451130591e-01
-5.864426032087494134e-01
-5.784890520723857676e-01
-5.705355009360221219e-01
-5.625819497996584762e-01
-5.546283986632948304e-01
-5.466748475269312957e-01
-5.387212963905676499e-01
-5.307677452542040042e-01
-5.228141941178403584e-01
-5.148606429814767127e-01
-5.069070918451130670e-01
-4.989535407087494212e-01
-4.909999895723857755e-01
-4.830464384360221297e-01
-4.750928872996584840e-01
-4.671393361632948382e-01
-4.591857850269311925e-01
-4.512322338905675467e-01
-4.432786827542040120e-01
-4.353251316178402552e-01
-4.273715804814767205e-01
-4.194180293451130748e-01
-4.114644782087494290e-01
-4.035109270723857833e-01
-3.955573759360221375e-01
-3.876038247996584918e-01
-3.796502736632948460e-01
-3.716967225269312003e-01
-3.637431713905675545e-01
-3.557896202542039088e-01
-3.478360691178402631e-01
-3.398825179814767283e-01
-3.319289668451129716e-01
-3.239754157087494368e-01
-3.160218645723856801e-01
-3.080683134360221453e-01
-3.001147622996584996e-01
-2.921612111632948539e-01
-2.842076600269312081e-01
-2.762541088905675624e-01
-2.683005577542039166e-01
-2.603470066178402709e-01
-2.523934554814766251e-01
-2.444399043451130071e-01
-2.364863532087493614e-01
-2.285328020723857156e-01
-2.205792509360220699e-01
-2.126256997996584797e-01
-2.046721486632948339e-01
-1.967185975269311882e-01
-1.887650463905675424e-01
-1.808114952542038967e-01
-1.728579441178402509e-01
-1.649043929814766052e-01
-1.569508418451130149e-01
-1.489972907087493692e-01
-1.410437395723857235e-01
-1.330901884360220777e-01
-1.251366372996584320e-01
-1.171830861632947862e-01
-1.092295350269311960e-01
-1.012759838905675502e-01
-9.332243275420390449e-02
-8.536888161784025875e-02
-7.741533048147661300e-02
-6.946177934511296725e-02
-6.150822820874932151e-02
-5.355467707238567576e-02
-4.560112593602203002e-02
-3.764757479965838427e-02
-2.969402366329484955e-02
-2.174047252693120380e-02
-1.378692139056755805e-02
-5.833370254203912308e-03
2.120180882159733438e-03
1.007373201852337918e-02
1.802728315488702493e-02
2.598083429125067068e-02
3.393438542761431642e-02
4.188793656397796217e-02
4.984148770034160791e-02
5.779503883670525366e-02
6.574858997306889941e-02
7.370214110943243413e-02
8.165569224579607988e-02
8.960924338215972562e-02
9.756279451852337137e-02
1.055163456548870171e-01
1.134698967912506629e-01
1.214234479276143086e-01
1.293769990639779544e-01
1.373305502003416001e-01
1.452841013367052458e-01
1.532376524730688916e-01
1.611912036094325373e-01
1.691447547457960721e-01
1.770983058821597178e-01
1.850518570185233636e-01
1.930054081548871203e-01
-4.590043186029254541e-01
-4.524963253855959211e-01
-4.459883321682663881e-01
-4.394803389509368552e-01
-4.329723457336073222e-01
-4.264643525162777893e-01
-4.199563592989482563e-01
-4.134483660816187234e-01
-4.069403728642891904e-01
-4.004323796469596575e-01
-3.939243864296300135e-01
-3.874163932123004805e-01
-3.809083999949709476e-01
-3.744004067776414146e-01
-3.678924135603118817e-01
-3.613844203429822377e-01
-3.548764271256527048e-01
-3.483684339083231718e-01
-3.418604406909936388e-01
-3.353524474736641059e-01
-3.288444542563345729e-01
-3.223364610390050400e-01
-3.158284678216755070e-01
-3.093204746043459741e-01
-3.028124813870164411e-01
-2.963044881696869082e-01
-2.897964949523572642e-01
-2.832885017350277312e-01
-2.767805085176981983e-01
-2.702725153003686653e-01
-2.637645220830391324e-01
-2.572565288657094884e-01
-2.507485356483799555e-01
-2.442405424310504503e-01
-2.377325492137208618e-01
-2.312245559963913288e-01
-2.247165627790617959e-01
-2.182085695617322629e-01
-2.117005763444027300e-01
-2.051925831270731415e-01
-1.986845899097436086e-01
-1.921765966924140756e-01
-1.856686034750845427e-01
-1.791606102577549542e-01
-1.726526170404254212e-01
-1.661446238230958883e-01
-1.596366306057662998e-01
-1.531286373884367669e-01
-1.466206441711072339e-01
-1.401126509537777010e-01
-1.336046577364481680e-01
-1.270966645191185795e-01
-1.205886713017890466e-01
-1.140806780844595136e-01
-1.075726848671299252e-01
-1.010646916498003922e-01
-9.455669843247085926e-02
-8.804870521514132631e-02
-8.154071199781179335e-02
-7.503271878048220489e-02
-6.852472556315267194e-02
-6.201673234582313898e-02
-5.550873912849355052e-02
-4.900074591116401757e-02
-4.249275269383448461e-02
-3.598475947650495166e-02
-2.947676625917541871e-02
-2.296877304184583024e-02
-1.646077982451629729e-02
-9.952786607186764334e-03
-3.444793389857175869e-03
3.063199827472357084e-03
9.571193044801890037e-03
1.607918626213142299e-02
2.258717947946095594e-02
2.909517269679054441e-02
3.560316591412007736e-02
4.211115913144966583e-02
4.861915234877919878e-02
5.512714556610873173e-02
6.163513878343826469e-02
6.814313200076779764e-02
7.465112521809733059e-02
8.115911843542686355e-02
8.766711165275639650e-02
9.417510487008604048e-02
1.006830980874155734e-01
1.071910913047451064e-01
1.136990845220746393e-01
1.202070777394041723e-01
1.267150709567337052e-01
1.332230641740632382e-01
1.397310573913928822e-01
1.462390506087224151e-01
1.527470438260519481e-01
1.592550370433814810e-01
1.657630302607110140e-01
1.722710234780405469e-01
1.787790166953700799e-01
1.852870099126996684e-01
