-3.537499999999993427e-02 2.056249999999999467e-01 3.818749999999999645e-01 1.773535938235217380e+00
-1.226249999999999840e-01 2.963750000000000551e-01 4.233750000000000568e-01 1.147202123631708037e+00
-1.662499999999988987e-02 1.913749999999998508e-01 2.988750000000000018e-01 1.201669509131038094e+00
-3.287499999999998757e-02 3.503750000000001030e-01 1.718750000000000000e-01 1.723554350371046873e+00
-7.537499999999996980e-02 3.486250000000001847e-01 2.918750000000001066e-01 1.267327467821479869e+00
-1.441250000000000586e-01 2.163749999999999840e-01 4.711250000000000160e-01 1.561692640016041800e+00
-2.312500000000006217e-02 3.006250000000001421e-01 3.726250000000002061e-01 1.613051056392598825e+00
1.028750000000000497e-01 2.341250000000001386e-01 5.987499999999990052e-02 2.012470854906021067e+00
-2.061249999999998916e-01 1.763750000000001705e-01 4.178749999999999964e-01 1.936484061169690074e+00
-3.371249999999998970e-01 5.533749999999999503e-01 6.341250000000000497e-01 2.290058831004357476e+00
-1.893750000000000711e-01 2.868749999999999911e-01 5.348749999999999893e-01 1.351350609477139697e+00
-2.371250000000000302e-01 4.206250000000000266e-01 6.086249999999999716e-01 1.892197788149191817e+00
1.053749999999999964e-01 2.106250000000000622e-01 1.518749999999999822e-01 2.001519650486498492e+00
-2.141249999999998987e-01 1.748750000000001137e-01 5.393750000000001599e-01 1.806589617932031322e+00
-5.562500000000003553e-02 4.421249999999998792e-01 3.551250000000001350e-01 1.961198614681153751e+00
-2.293749999999999956e-01 4.046250000000000124e-01 5.303750000000000409e-01 1.644748614597380421e+00
-2.396249999999999769e-01 3.426249999999999574e-01 4.781249999999999112e-01 1.569073394501200536e+00
-1.501250000000000639e-01 2.021250000000001101e-01 4.316249999999999254e-01 1.367585206810625120e+00
-2.596249999999999947e-01 2.471250000000000391e-01 5.661249999999999893e-01 1.943701142497685330e+00
-3.361250000000000071e-01 4.123749999999999361e-01 7.133750000000000924e-01 2.077281898897158641e+00
-6.124999999999936051e-03 4.071250000000001812e-01 2.908749999999999947e-01 2.017035020877659512e+00
3.375000000000127898e-03 3.273749999999999716e-01 1.806250000000000355e-01 1.462249109607966169e+00
-9.562500000000007105e-02 3.028750000000000053e-01 4.458750000000000213e-01 1.602721327086906955e+00
-9.462499999999995914e-02 1.228750000000000675e-01 3.491249999999999076e-01 1.910240405510247763e+00
-2.343750000000000000e-01 2.591250000000000497e-01 3.336250000000000604e-01 2.234189131934436023e+00
-9.862499999999996270e-02 1.626250000000000195e-01 4.741249999999999076e-01 2.141417514629139873e+00
-1.888749999999999041e-01 3.731249999999999289e-01 3.576250000000000817e-01 1.846054807675620468e+00
-2.131250000000000089e-01 3.228750000000000231e-01 3.156250000000000444e-01 2.137197421273026254e+00
1.837500000000003020e-02 3.188750000000000195e-01 3.423750000000000959e-01 2.023368671324832668e+00
-2.523750000000000160e-01 3.411249999999999005e-01 4.398750000000000160e-01 1.885606945111014010e+00
-6.249999999999866773e-04 1.468750000000000888e-01 2.716250000000000053e-01 1.660483846712833778e+00
-1.026249999999999662e-01 4.106250000000000178e-01 3.558750000000001634e-01 1.457918788733991944e+00
-1.938750000000000195e-01 2.973750000000001670e-01 3.988749999999998685e-01 1.460252951890778084e+00
-1.838750000000000107e-01 9.362499999999984723e-02 4.443749999999999645e-01 2.212371314695250391e+00
-2.218750000000000444e-01 1.418750000000001954e-01 5.761249999999999982e-01 2.039899120966813584e+00
6.037500000000006750e-02 3.221249999999999947e-01 1.928749999999999076e-01 2.038312730401646178e+00
4.987500000000011369e-02 1.826250000000000373e-01 2.663750000000000284e-01 1.714202960343481186e+00
-7.612499999999999822e-02 2.718750000000000888e-01 4.348749999999999005e-01 1.749051493510722866e+00
-2.148749999999999272e-01 3.628750000000000586e-01 6.531250000000001776e-01 2.271483212130487317e+00
-1.556249999999999023e-01 1.938750000000000195e-01 5.413749999999999396e-01 2.096859111531161890e+00
-2.138750000000000373e-01 1.908750000000001279e-01 4.718750000000000444e-01 1.837319274058661911e+00
6.937499999999996447e-02 1.886250000000000426e-01 2.451250000000000373e-01 1.894080728319065487e+00
1.343749999999999112e-01 1.448749999999998650e-01 1.166249999999999787e-01 2.183329083706472051e+00
-1.236249999999999849e-01 4.748749999999999361e-01 3.176250000000000462e-01 2.157742010501180641e+00
-1.831249999999999822e-01 4.388749999999999041e-01 5.441250000000001918e-01 2.083860692368595835e+00
-2.813749999999999307e-01 3.153749999999999609e-01 7.408749999999999503e-01 1.882403326141246502e+00
-4.062499999999991118e-02 3.416250000000000675e-01 2.378750000000000586e-01 1.402230973686539039e+00
-2.106250000000000622e-01 2.871250000000000746e-01 6.913750000000000728e-01 2.044299169017384177e+00
9.737499999999998934e-02 1.091250000000001386e-01 2.223749999999999893e-01 2.042749725653539183e+00
5.537500000000017408e-02 1.443750000000001421e-01 5.362500000000003375e-02 1.739105872566529376e+00
-8.962500000000006573e-02 4.537499999999994316e-02 2.431250000000000355e-01 2.161130153315292901e+00
1.283750000000001279e-01 3.436250000000000693e-01 7.962500000000005684e-02 2.235259729523467076e+00
