-3.730712908327595279e-01 1.354076489819094897e-01
-3.610567482852471421e-01 1.329909651109141278e-01
-3.488861289048953984e-01 1.307407296796979368e-01
-3.365621435328247091e-01 1.286608861275072568e-01
-3.240875778206397384e-01 1.267549343405405537e-01
-3.114652912491246428e-01 1.250258523219753559e-01
-2.986982160988563839e-01 1.234760203704149129e-01
-2.857893563728166053e-01 1.221071507838763642e-01
-2.727417866717793404e-01 1.209202262342900930e-01
-2.595586510230424859e-01 1.199154498684976838e-01
-2.462431616625579689e-01 1.190922098773903454e-01
-2.327985977721587496e-01 1.184490607253592676e-01
-2.192283041712616842e-01 1.179837224793780365e-01
-2.055356899647608759e-01 1.176930987881223689e-01
-1.917242271473862669e-01 1.175733130887249983e-01
-1.777974491652778710e-01 1.176197616814617930e-01
-1.637589494357757636e-01 1.178271814735690343e-01
-1.496123798262205817e-01 1.181897295356367089e-01
-1.353614490926144664e-01 1.187010711901112930e-01
-1.210099212789592371e-01 1.193544731737676140e-01
-1.065616140784575172e-01 1.201428984787785981e-01
-9.202039715731522018e-02 1.210590997575431149e-01
-7.739019044259407010e-02 1.220957085963843142e-01
-6.267496237423306193e-02 1.232453185088339120e-01
-4.787872812364165481e-02 1.245005600567897497e-01
-3.300554777879823737e-02 1.258541670898393194e-01
-1.805952449781952213e-02 1.272990335956031560e-01
-3.044802631268238302e-03 1.288282611133864664e-01
1.203443418426734107e-02 1.304351970087865298e-01
2.717396496163430181e-02 1.321134641832942547e-01
4.236953332501128960e-02 1.338569829732980110e-01
5.761684949820326113e-02 1.356599860965707061e-01
7.291159231675406471e-02 1.375170275526744479e-01
8.824941126374022393e-02 1.394229863814344383e-01
1.036259285270702268e-01 1.413730661347610551e-01
1.190367410773000290e-01 1.433627908669157514e-01
1.344774227648851961e-01 1.453879983568868717e-01
1.499435264344469998e-01 1.474448311999116967e-01
1.654305860558906993e-01 1.495297263161034507e-01
1.809341188703511849e-01 1.516394033416332832e-01
1.964496275489410471e-01 1.537708522897720254e-01
2.119726023643110635e-01 1.559213208008877471e-01
2.274985233721589506e-01 1.580883012378072883e-01
2.430228626018615945e-01 1.602695178291509426e-01
2.585410862546413946e-01 1.624629140154984497e-01
2.740486569078655621e-01 1.646666401180809647e-01
2.895410357237981347e-01 1.668790414161324398e-01
3.050136846613948349e-01 1.690986466874770111e-01
3.204620686896617054e-01 1.713241572565718518e-01
3.358816580011037001e-01 1.735544365662433086e-01
3.512679302233711609e-01 1.757885002804655816e-01
3.666163726285052160e-01 1.780255069181639616e-01
3.819224843369895539e-01 1.802647490042929568e-01
3.971817785162067294e-01 1.825056447225473499e-01
4.123897845713306864e-01 1.847477300483499341e-01
4.275420503270668804e-01 1.869906513401442816e-01
4.426341441990439551e-01 1.892341583608145028e-01
4.576616573531494536e-01 1.914780977064337031e-01
4.726202058513623849e-01 1.937224066130445732e-01
4.875054327825962264e-01 1.959671071165622613e-01
5.023130103775772515e-01 1.982123005405663496e-01
5.170386421053587700e-01 2.004581622868772395e-01
5.316780647509329327e-01 2.027049369045732241e-01
5.462270504722979148e-01 2.049529334168889438e-01
5.606814088350455805e-01 2.072025208834606946e-01
5.750369888241473326e-01 2.094541241788082653e-01
5.892896808305487788e-01 2.117082199684330590e-01
6.034354186119331720e-01 2.139653328660083287e-01
6.174701812258015510e-01 2.162260317555920186e-01
6.313899949343346751e-01 2.184909262647359851e-01
6.451909350788412878e-01 2.207606633749792935e-01
6.588691279234617504e-01 2.230359241583550756e-01
6.724207524660181789e-01 2.253174206288933445e-01
6.858420422157592844e-01 2.276058926994186660e-01
6.991292869360399287e-01 2.299021052350849192e-01
7.122788343513000164e-01 2.322068451958808344e-01
7.252870918170551962e-01 2.345209188620322460e-01
7.381505279517904805e-01 2.368451491351998839e-01
7.508656742299896214e-01 2.391803729121680377e-01
7.634291265347823430e-01 2.415274385253880496e-01
7.758375466700211387e-01 2.438872032472921836e-01
7.880876638298832670e-01 2.462605308559471795e-01
8.001762760259706342e-01 2.486482892596958982e-01
8.121002514705458752e-01 2.510513481785152656e-01
8.238565299151818788e-01 2.534705768815757598e-01
8.354421239441567337e-01 2.559068419803386951e-01
8.468541202217105823e-01 2.583610052768993692e-01
8.580896806922762021e-01 2.608339216674049332e-01
8.691460437336656630e-01 2.633264371012372651e-01
8.800205252615835860e-01 2.658393865972403236e-01
8.907105197859065404e-01 2.683735923170408322e-01
9.012135014173074943e-01 2.709298616977277030e-01
9.115270248241056361e-01 2.735089856444381518e-01
9.216487261391188568e-01 2.761117367850319249e-01
9.315763238154395331e-01 2.787388677879407695e-01
9.413076194312185452e-01 2.813911097453231647e-01
9.508404984430396389e-01 2.840691706231965874e-01
9.601729308873571123e-01 2.867737337795158159e-01
9.693029720300525565e-01 2.895054565529436297e-01
9.782287629634321968e-01 2.922649689231141545e-01
-2.293687013938377761e-01 1.390740346257782201e-01
-2.210201470405626922e-01 1.373665513700462193e-01
-2.125780835778435518e-01 1.356672234885714645e-01
-2.040442538025231956e-01 1.339764852636148584e-01
-1.954204512988916009e-01 1.322947826509716929e-01
-1.867085198925955980e-01 1.306225740794585144e-01
-1.779103530768862684e-01 1.289603312869833096e-01
-1.690278933999303790e-01 1.273085402079234540e-01
-1.600631318208685927e-01 1.256677018884325980e-01
-1.510181070261703284e-01 1.240383334634335422e-01
-1.418949047242957506e-01 1.224209691567596098e-01
-1.326956568921936197e-01 1.208161613381817656e-01
-1.234225410048047367e-01 1.192244816160890203e-01
-1.140777792185994899e-01 1.176465219485835906e-01
-1.046636375288901577e-01 1.160828958181786691e-01
-9.518242489826053698e-02 1.145342394113077755e-01
-8.563649234516432229e-02 1.130012128297537000e-01
-7.602823201491534788e-02 1.114845013226004600e-01
-6.636007620509740135e-02 1.099848165182463477e-01
-5.663449637012316074e-02 1.085028976617738172e-01
-4.685400209992404696e-02 1.070395128444397437e-01
-3.702114005991727352e-02 1.055954601909269985e-01
-2.713849291037515044e-02 1.041715690284697182e-01
-1.720867819542046262e-02 1.027687009787167094e-01
-7.234347206623498172e-03 1.013877509786527548e-01
2.781816179171420211e-03 1.000296481979548457e-01
1.283709669185420510e-02 9.869535683048594188e-02
2.292874887614307355e-02 9.738587671732071294e-02
3.305399833300839973e-02 9.610224379137800865e-02
4.321004297896627322e-02 9.484553029407559455e-02
5.339405432694235842e-02 9.361684472310455307e-02
6.360317879081503478e-02 9.241733148004230292e-02
7.383453901159633959e-02 9.124817017029085431e-02
8.408523520165048226e-02 9.011057450672789459e-02
9.435234650790338962e-02 8.900579076531445200e-02
1.046329323942053746e-01 8.793509577792107956e-02
1.149240340374472480e-01 8.689979436613187724e-02
1.252226757484663777e-01 8.590121621554623610e-02
1.355258663974056310e-01 8.494071213175891089e-02
1.458306008593871772e-01 8.401964963657759800e-02
1.561338614745636788e-01 8.313940792883905972e-02
1.664326195165529987e-01 8.230137210988455743e-02
1.767238366767526492e-01 8.150692676353213373e-02
1.870044665537337336e-01 8.075744885072068391e-02
1.972714561569483271e-01 8.005429995960551548e-02
2.075217474136356322e-01 7.939881797038343680e-02
2.177522786930205234e-01 7.879230822535616963e-02
2.279599863197762366e-01 7.823603425991787486e-02
2.381418061106933826e-01 7.773120823760534814e-02
2.482946749005877918e-01 7.727898124344748099e-02
2.584155320861166727e-01 7.688043354095346060e-02
2.685013211544416967e-01 7.653656503545570866e-02
2.785489912275126434e-01 7.624828604152124323e-02
2.885554985981134690e-01 7.601640864683260890e-02
2.985178082657101717e-01 7.584163876771318757e-02
3.084328954712706183e-01 7.572456911461147855e-02
3.182977472317326528e-01 7.566567326233734903e-02
3.281093638590769634e-01 7.566530091252403334e-02
3.378647604880352651e-01 7.572367449288200381e-02
3.475609685846999808e-01 7.584088718458774359e-02
3.571950374549447416e-01 7.601690241380963664e-02
3.667640357433866738e-01 7.625155478881007198e-02
3.762650529157095525e-01 7.654455249502055414e-02
3.856952007393065207e-01 7.689548104999714695e-02
3.950516147439760983e-01 7.730380830522776137e-02
4.043314556764506795e-01 7.776889059828087647e-02
4.135319109333769338e-01 7.828997985368135737e-02
4.226501959882490445e-01 7.886623149445289027e-02
4.316835557896226971e-01 7.949671296140854715e-02
4.406292661563971924e-01 8.018041266243451648e-02
4.494846351438729348e-01 8.091624917640458103e-02
4.582470043965528594e-01 8.170308053218930389e-02
4.669137504821015972e-01 8.253971340045584970e-02
4.754822861938182710e-01 8.342491207477746584e-02
4.839500618467743598e-01 8.435740710584328783e-02
4.923145665396381210e-01 8.533590349649498863e-02
5.005733293960429320e-01 8.635908838001543630e-02
5.087239207839754362e-01 8.742563812600180617e-02
5.167639535044775689e-01 8.853422482370824909e-02
5.246910839625961165e-01 8.968352213275435081e-02
5.325030132993208154e-01 9.087221050613704387e-02
5.401974885093253631e-01 9.209898176926764601e-02
5.477723035174427713e-01 9.336254308015279335e-02
5.552253002357220302e-01 9.466162032595519527e-02
5.625543695852049941e-01 9.599496094742512864e-02
5.697574524876455326e-01 9.736133625851120521e-02
5.768325408310953639e-01 9.875954329648171937e-02
5.837776783916400758e-01 1.001884062342448395e-01
5.905909617385590726e-01 1.016467774187745782e-01
5.972705410924138425e-01 1.031335380545066044e-01
6.038146211581544298e-01 1.046475985966941746e-01
6.102214619194058498e-01 1.061878988593949330e-01
6.164893794010198880e-01 1.077534079306137205e-01
6.226167463965087689e-01 1.093431238549707890e-01
6.286019931546137363e-01 1.109560731881071710e-01
6.344436080402936495e-01 1.125913103905614721e-01
6.401401381485473108e-01 1.142479171331588911e-01
6.456901898887291713e-01 1.159250014987139865e-01
6.510924295292962460e-01 1.176216971354347579e-01
6.563455837047781349e-01 1.193371623435968976e-01
-7.042945074163292629e-01 1.116009632741247065e-01
-6.883329497430982213e-01 1.104250739323989344e-01
-6.722037170289948405e-01 1.092708751510191034e-01
-6.559112991726515629e-01 1.081386114902685575e-01
-6.394602662632554724e-01 1.070285116688054622e-01
-6.228552664808660877e-01 1.059407880777158417e-01
-6.061010239184579929e-01 1.048756363265193059e-01
-5.892023363462034480e-01 1.038332348335724714e-01
-5.721640729431108907e-01 1.028137444429816222e-01
-5.549911719496439799e-01 1.018173081173675276e-01
-5.376886383089062305e-01 1.008440506359058048e-01
-5.202615412354497648e-01 9.989407838826559749e-02
-5.027150117400481788e-01 9.896747920851042823e-02
-4.850542401285434235e-01 9.806432227175385097e-02
-4.672844734314505755e-01 9.718465807110132637e-02
-4.494110128255293657e-01 9.632851845026393911e-02
-4.314392109923524399e-01 9.549591673713436757e-02
-4.133744694450516843e-01 9.468684793605031125e-02
-3.952222358314088635e-01 9.390128901598078504e-02
-3.769880012023303917e-01 9.313919925659375210e-02
-3.586772972279035909e-01 9.240052073310865699e-02
-3.402956934240400355e-01 9.168517882709179001e-02
-3.218487943106350113e-01 9.099308288647106613e-02
-3.033422365723737468e-01 9.032412691927937942e-02
-2.847816861861279247e-01 8.967819041811297964e-02
-2.661728355346156261e-01 8.905513923705431212e-02
-2.475214005058788413e-01 8.845482655305535180e-02
-2.288331175380616256e-01 8.787709396306268850e-02
-2.101137407088281006e-01 8.732177256406378762e-02
-1.913690387761962097e-01 8.678868417063642648e-02
-1.726047921937572949e-01 8.627764260351739045e-02
-1.538267901791028902e-01 8.578845496159125117e-02
-1.350408277060049511e-01 8.532092303387150967e-02
-1.162527025270002207e-01 8.487484472152512227e-02
-9.746821221687158865e-02 8.445001545859916192e-02
-7.869315115873017075e-02 8.404622974033801319e-02
-5.993330757034505407e-02 8.366328261971860136e-02
-4.119446055474347557e-02 8.330097118789793476e-02
-2.248237711348884116e-02 8.295909612506528752e-02
-3.802809185943292758e-03 8.263746321330643629e-02
1.483850929400991336e-02 8.233588481721317021e-02
3.343586532281876689e-02 8.205418134594179291e-02
5.198356976034472499e-02 8.179218269681720610e-02
7.047596020997930200e-02 8.154972962524791036e-02
8.890740393251765628e-02 8.132667510936797406e-02
1.072723006715900346e-01 8.112288556736990675e-02
1.255650855075007288e-01 8.093824210418236464e-02
1.437802316706077721e-01 8.077264160228132817e-02
1.619122533052143598e-01 8.062599775844411787e-02
1.799557082528224217e-01 8.049824202984971755e-02
1.979052007301597693e-01 8.038932444393455390e-02
2.157553840745640161e-01 8.029921437774600879e-02
2.335009633476181068e-01 8.022790112230437920e-02
2.511366979619082396e-01 8.017539439829318715e-02
2.686574042814512953e-01 8.014172475282239916e-02
2.860579581268526961e-01 8.012694377434555204e-02
3.033332972921948811e-01 8.013112424918603094e-02
3.204784239759998488e-01 8.015436011931731386e-02
3.374884071951457787e-01 8.019676636476059939e-02
3.543583851480908709e-01 8.025847871152309854e-02
3.710835674931540207e-01 8.033965320907007768e-02
3.876592376471125756e-01 8.044046572488730562e-02
4.040807549518922737e-01 8.056111122141000613e-02
4.203435568378918741e-01 8.070180296582127322e-02
4.364431609414036184e-01 8.086277162783425676e-02
4.523751671041058020e-01 8.104426416901665264e-02
4.681352593944473894e-01 8.124654272234528574e-02
4.837192080024791951e-01 8.146988327941528940e-02
4.991228711264814044e-01 8.171457433649473301e-02
5.143421967520048765e-01 8.198091537085414049e-02
5.293732244191323710e-01 8.226921532414033233e-02
5.442120868840983894e-01 8.257979092319674141e-02
5.588550117371983150e-01 8.291296498213554522e-02
5.732983229402986991e-01 8.326906462494831906e-02
5.875384423281174717e-01 8.364841948298015750e-02
6.015718910300020816e-01 8.405135986171073659e-02
6.153952907800109839e-01 8.447821482620440636e-02
6.290053652425566799e-01 8.492931038609589922e-02
6.423989412036670288e-01 8.540496758239428388e-02
6.555729497076291379e-01 8.590550065207859520e-02
6.685244271535709659e-01 8.643121520418903247e-02
6.812505162689225235e-01 8.698240642567697800e-02
6.937484670767070094e-01 8.755935736592158902e-02
7.060156377198582023e-01 8.816233726070801802e-02
7.180494952929017405e-01 8.879159996174441905e-02
7.298476165231345680e-01 8.944738239780310185e-02
7.414076884487764696e-01 9.012990319236056924e-02
7.527275089720598666e-01 9.083936133414093061e-02
7.638049873900231157e-01 9.157593498679095223e-02
7.746381448031781636e-01 9.233978038016583956e-02
7.852251144998155796e-01 9.313103084556624556e-02
7.955641422266693796e-01 9.394979595161989661e-02
8.056535864228909771e-01 9.479616077725341872e-02
8.154919183708951858e-01 9.567018530103472973e-02
8.250777222672635025e-01 9.657190389616843174e-02
8.344096952349729923e-01 9.750132497397109854e-02
8.434866472570933249e-01 9.845843071826748671e-02
8.523075010652682026e-01 9.944317695486472319e-02
8.608712919201174651e-01 1.004554931154531816e-01
8.691771673557463496e-01 1.014952823061795878e-01
