-1.028955036981882509e+00 5.149844805355704297e-02
-1.013369035106401750e+00 5.039726454008760376e-02
-9.975229005183867681e-01 4.945961732319631432e-02
-9.814200160669079853e-01 4.868349127049897279e-02
-9.650638770188908477e-01 4.806531850273033923e-02
-9.484580898844373609e-01 4.759997938828297581e-02
-9.316063711727957664e-01 4.728087642493866011e-02
-9.145125460804305328e-01 4.710007701563686394e-02
-8.971805471125269271e-01 4.704851373498761952e-02
-8.796144126372886785e-01 4.711622512896213727e-02
-8.618182853748040939e-01 4.729261726831723855e-02
-8.437964108203257485e-01 4.756672648622859573e-02
-8.255531356037313362e-01 4.792746635674272754e-02
-8.070929057852491706e-01 4.836384632168647113e-02
-7.884202650882928820e-01 4.886515421343894799e-02
-7.695398530714192553e-01 4.942109959597466157e-02
-7.504564032391370931e-01 5.002191855801210729e-02
-7.311747410928783886e-01 5.065844330259187955e-02
-7.116997821246966449e-01 5.132214141573539223e-02
-6.920365297522069747e-01 5.200513036335979722e-02
-6.721900731982914934e-01 5.270017272981448314e-02
-6.521655853159342708e-01 5.340065723759353927e-02
-6.319683203590013010e-01 5.410056990419270101e-02
-6.116036117012684237e-01 5.479445889510145551e-02
-5.910768695042813992e-01 5.547739589308021968e-02
-5.703935783359866951e-01 5.614493609878010855e-02
-5.495592947408416418e-01 5.679307842226256203e-02
-5.285796447645177976e-01 5.741822693454504134e-02
-5.074603214322520595e-01 5.801715429163017967e-02
-4.862070821850330571e-01 5.858696755826067054e-02
-4.648257462730941425e-01 5.912507665134197898e-02
-4.433221921100648499e-01 5.962916547805593298e-02
-4.217023545880214108e-01 6.009716574057543531e-02
-3.999722223561936740e-01 6.052723331180995259e-02
-3.781378350643511688e-01 6.091772705087603046e-02
-3.562052805734933214e-01 6.126718990136088838e-02
-3.341806921342739267e-01 6.157433210597384327e-02
-3.120702455367970196e-01 6.183801638232046954e-02
-2.898801562319444081e-01 6.205724489317578085e-02
-2.676166764268969045e-01 6.223114787769139927e-02
-2.452860921571350383e-01 6.235897381058789352e-02
-2.228947203356872464e-01 6.244008096814484404e-02
-2.004489057828116039e-01 6.247393031054376128e-02
-1.779550182372054978e-01 6.246007959380818486e-02
-1.554194493509392094e-01 6.239817864408472858e-02
-1.328486096705400188e-01 6.228796574422592464e-02
-1.102489256051483180e-01 6.212926510396222374e-02
-8.762683638491980398e-02 6.192198538811553160e-02
-6.498879101108401279e-02 6.166611931203735270e-02
-4.234124519991838698e-02 6.136174431943915153e-02
-1.969065832207766986e-02 6.100902437735467032e-02
2.956509660035577802e-03 6.060821295692878086e-02
2.559380125472343614e-02 6.015965726652360707e-02
4.821476450211009679e-02 5.966380386323109214e-02
7.081295603100043468e-02 5.912120576397023042e-02
9.338194411010966589e-02 5.853253122945363540e-02
1.159153116908384351e-01 5.789857443234522338e-02
1.384066594407352691e-01 5.722026825306950060e-02
1.608496087647269535e-01 5.649869949357870513e-02
1.832378048121995617e-01 5.573512688613781185e-02
2.055649194685816861e-01 5.493100227922766837e-02
2.278246543285154246e-01 5.408799551451055204e-02
2.500107436498237856e-01 5.320802353828416043e-02
2.721169572855061114e-01 5.229328439680737406e-02
2.941371035913734611e-01 5.134629683124043720e-02
3.160650323089089220e-01 5.036994626443098977e-02
3.378946374207475456e-01 4.936753802088988258e-02
3.596198599760869752e-01 4.834285861728153388e-02
3.812346908858069150e-01 4.730024591034616421e-02
4.027331736838521414e-01 4.624466867154550243e-02
4.241094072545972260e-01 4.518181578139168070e-02
4.453575485233917108e-01 4.411819455896745512e-02
4.664718151094562337e-01 4.306123662174840550e-02
4.874464879377429782e-01 4.201940800184363056e-02
5.082759138109044228e-01 4.100231780592510089e-02
5.289545079371771319e-01 4.002081635927867698e-02
5.494767564135740745e-01 3.908706948840184880e-02
5.698372186634974579e-01 3.821459057122972292e-02
5.900305298260311027e-01 3.741820681456186487e-02
6.100514030963567480e-01 3.671393232798066814e-02
6.298946320158795853e-01 3.611871994805708475e-02
6.495550927094057014e-01 3.565006938812634307e-02
6.690277460704381340e-01 3.532548377450291793e-02
6.883076398908204441e-01 3.516179118206357035e-02
7.073899109345729297e-01 3.517437996535925648e-02
7.262697869557063202e-01 3.537642905548037120e-02
7.449425886566848343e-01 3.577823560991540142e-02
7.634037315881441188e-01 3.638674119898858972e-02
7.816487279885218076e-01 3.720532934189876850e-02
7.996731885616483737e-01 3.823391781324694122e-02
8.174728241926650929e-01 3.946931405669368287e-02
8.350434476006158846e-01 4.090575907397096811e-02
8.523809749265698343e-01 4.253556567634989016e-02
8.694814272571731451e-01 4.434976189489885784e-02
8.863409320831345806e-01 4.633867224798685069e-02
9.029557246899451162e-01 4.849239767775597593e-02
9.193221494831783636e-01 5.080118062934341205e-02
9.354366612454051433e-01 5.325566031620971447e-02
9.512958263247315305e-01 5.584703380527608618e-02
9.668963237558587664e-01 5.856714266162743598e-02
-1.008436511023054649e+00 2.117612379369852166e-02
-9.914075065941092557e-01 2.001046127777975775e-02
-9.741759950803612345e-01 1.887160637142153846e-02
-9.567465384806792539e-01 1.776004835156807377e-02
-9.391237956568432299e-01 1.667630371680883794e-02
-9.213125203024579157e-01 1.562092410385286338e-02
-9.033175588213491203e-01 1.459450654898529140e-02
-8.851438481650305556e-01 1.359770664847402034e-02
-8.667964135892198829e-01 1.263125591266108828e-02
-8.482803663598199595e-01 1.169598470641242810e-02
-8.296009014019609662e-01 1.079285261608708968e-02
-8.107632948793124239e-01 9.922989306488523911e-03
-7.917729017251491364e-01 9.087749586974972968e-03
-7.726351531220567725e-01 8.288788033115128753e-03
-7.533555539127648748e-01 7.528160159262562226e-03
-7.339396799820068207e-01 6.808458590336994437e-03
-7.143931755659347349e-01 6.132992505144986908e-03
-6.947217505289617900e-01 5.506014859289538009e-03
-6.749311775939554892e-01 4.932982103473647004e-03
-6.550272895080275770e-01 4.420787843779081135e-03
-6.350159762024059074e-01 3.977811568602135361e-03
-6.149031818726733434e-01 3.613468561945104920e-03
-5.946949020518046414e-01 3.336820182772601631e-03
-5.743971806256710222e-01 3.154009518996135283e-03
-5.540161068286350021e-01 3.065179268187944849e-03
-5.335578121969934973e-01 3.062660670863323695e-03
-5.130284674957026336e-01 3.131998017350220639e-03
-4.924342796212313744e-01 3.255303832608414695e-03
-4.717814884694552791e-01 3.414830982699778531e-03
-4.510763637955985117e-01 3.595194046489796295e-03
-4.303252020333655503e-01 3.784092103123994338e-03
-4.095343231049471400e-01 3.972123008091524125e-03
-3.887100672224975684e-01 4.152253496144171600e-03
-3.678587916547444436e-01 4.319260655126209471e-03
-3.469868675045597595e-01 4.469262447269491297e-03
-3.261006764566269367e-01 4.599359593801484458e-03
-3.052066075271235857e-01 4.707374189194136332e-03
-2.843110538156558009e-01 4.791662661314722085e-03
-2.634204092303903399e-01 4.850983785174033981e-03
-2.425410652380375620e-01 4.884405740054381141e-03
-2.216794076038517136e-01 4.891241378881590329e-03
-2.008418131376719651e-01 4.871004740647363711e-03
-1.800346464393839108e-01 4.823383437438998750e-03
-1.592642566660749937e-01 4.748224367299064101e-03
-1.385369742995157805e-01 4.645531989813056657e-03
-1.178591079285926935e-01 4.515480115810370509e-03
-9.723694106026281592e-02 4.358439691087134978e-03
-7.667672891821067371e-02 4.175029902273624978e-03
-5.618469529930739115e-02 3.966203939275532095e-03
-3.576702942360654447e-02 3.733390139341354486e-03
-1.542988281776180859e-02 3.478727282724639307e-03
4.820633763382486947e-03 3.205463344479452751e-03
2.497845341026527777e-02 2.918646333089366853e-03
4.503755607626680479e-02 2.626338031969779451e-03
6.499197158128727780e-02 2.341718249176326719e-03
8.483578256365170711e-02 2.086419283476153956e-03
1.045631274119709353e-01 1.894257964608527054e-03
1.241682031458749558e-01 1.810023597929235869e-03
1.436452682541216053e-01 1.873383381602062615e-03
1.629886455014035174e-01 2.094254671687076005e-03
1.821927246757001351e-01 2.451053310616405773e-03
2.012519652974846807e-01 2.912403232940852411e-03
2.201608992859906966e-01 3.452692201322724811e-03
2.389141335505995389e-01 4.054752449346772473e-03
2.575063525611438475e-01 4.707718930227521373e-03
2.759323208418391626e-01 5.404700464033491449e-03
2.941868854170963665e-01 6.141208544904346901e-03
3.122649782034686572e-01 6.914213080674053158e-03
3.301616183348071720e-01 7.721587412319305677e-03
3.478719144366355653e-01 8.561778923346819933e-03
3.653910668247650761e-01 9.433609204524365244e-03
3.827143696593581224e-01 1.033614963369396816e-02
3.998372130240621658e-01 1.126864170894351438e-02
4.167550849276754343e-01 1.223044496965684964e-02
4.334635732681613174e-01 1.322100189842887775e-02
4.499583677005745130e-01 1.423981387233949798e-02
4.662352614547100593e-01 1.528642445836160026e-02
4.822901530655826496e-01 1.636040738067615422e-02
4.981190480510667706e-01 1.746135792826376820e-02
5.137180605085048812e-01 1.858888659254678485e-02
5.290834146279567163e-01 1.974261435843037080e-02
5.442114461547454818e-01 2.092216919549228643e-02
5.590986037579163126e-01 2.212718335532264102e-02
5.737414503314904879e-01 2.335729132078919953e-02
5.881366642246392828e-01 2.461212827735252337e-02
6.022810403840438420e-01 2.589132883508157151e-02
6.161714914282091504e-01 2.719452611593451211e-02
6.298050486447051011e-01 2.852135101007579124e-02
6.431788629043521111e-01 2.987143160667744129e-02
6.562902055027088899e-01 3.124439276038479263e-02
6.691364689269934107e-01 3.263985574969031217e-02
6.817151675302228764e-01 3.405743802467156578e-02
6.940239381502795180e-01 3.549675301305983688e-02
7.060605406233326775e-01 3.695741000042052082e-02
7.178228582490651100e-01 3.843901403283259133e-02
7.293088981531508086e-01 3.994116586900087196e-02
7.405167915790578093e-01 4.146346195762333486e-02
7.514447941230948391e-01 4.300549445651957042e-02
7.620912858486079688e-01 4.456685123443551722e-02
7.724547713690164130e-01 4.614711596026127571e-02
-9.723985614684574896e-01 1.092473996345670779e-02
-9.569933873740487096e-01 1.032932474028808167e-02
-9.413633541966471840e-01 9.757046357557778646e-03
-9.255123457957402655e-01 9.207460218381752562e-03
-9.094443508904614948e-01 8.680103411838131083e-03
-8.931634614225926194e-01 8.174495062215450178e-03
-8.766738708932820812e-01 7.690136776985887282e-03
-8.599798725869910454e-01 7.226513815046127324e-03
-8.430858577455065950e-01 6.783095966169644560e-03
-8.259963136798300631e-01 6.359338382003255387e-03
-8.087158218151655475e-01 5.954683313807013038e-03
-7.912490556593176905e-01 5.568561275515907481e-03
-7.736007787358214483e-01 5.200392390190474411e-03
-7.557758424237286388e-01 4.849588940317521926e-03
-7.377791837613344450e-01 4.515556404656488436e-03
-7.196158231787802562e-01 4.197696460250299570e-03
-7.012908621698336065e-01 3.895409114966801555e-03
-6.828094809393659981e-01 3.608095848541328747e-03
-6.641769359392079020e-01 3.335161663407709958e-03
-6.453985574252126822e-01 3.076019956435932772e-03
-6.264797468683200865e-01 2.830094529661735057e-03
-6.074259744305675612e-01 2.596824900651399561e-03
-5.882427762939749227e-01 2.375670356243473388e-03
-5.689357519923944340e-01 2.166115818690230767e-03
-5.495105617033645418e-01 1.967676541400822411e-03
-5.299729234748442597e-01 1.779907501728587990e-03
-5.103286104141654400e-01 1.602411966052532874e-03
-4.905834478722539416e-01 1.434855914406199051e-03
-4.707433105343719060e-01 1.276983369711075971e-03
-4.508141195296297976e-01 1.128648950815972288e-03
-4.308018394870439804e-01 9.898526507300527914e-04
-4.107124755436141195e-01 8.608125935996184313e-04
-3.905520703637050950e-01 7.420664301845252562e-04
-3.703267010868882547e-01 6.346477592963966014e-04
-3.500424762977913939e-01 5.403393648373596824e-04
-3.297055329336626706e-01 4.619888177796008548e-04
-3.093220332025158337e-01 4.036129230649407513e-04
-2.888981614577595947e-01 3.695695513792437883e-04
-2.684401210921950054e-01 3.620854096038829840e-04
-2.479541313772801736e-01 3.788549998708356788e-04
-2.274464243134174390e-01 4.138925492052584337e-04
-2.069232414901572004e-01 4.607439047161774118e-04
-1.863908308952671455e-01 5.145062636969697199e-04
-1.658554437699891193e-01 5.720836738627667253e-04
-1.453233314031968093e-01 6.317454787808060883e-04
-1.248007420050922245e-01 6.926884025970313479e-04
-1.042939174855513906e-01 7.547202507108410419e-04
-8.380909034391909040e-02 8.180772247591046190e-04
-6.335248047079872213e-02 8.833129995301319771e-04
-4.293029202004161604e-02 9.512242267784694555e-04
-2.254871026903251807e-02 1.022802971951199385e-03
-2.213898495022070811e-03 1.099191452803368598e-03
1.806800512742504083e-02 1.181644383717073013e-03
3.829089061513862857e-02 1.271487711344267959e-03
5.844867924893445976e-02 1.370077254029207752e-03
7.853532660595549664e-02 1.478762254762109414e-03
9.854482559800911701e-02 1.598852221003471815e-03
1.184712094510259051e-01 1.731591629732028665e-03
1.383085546672995492e-01 1.878141909842841965e-03
1.580509839768812486e-01 2.039571403289621755e-03
1.776926692071315872e-01 2.216854647150066047e-03
1.972278341908818844e-01 2.410875683625358402e-03
2.166507575530454421e-01 2.622436311309793173e-03
2.359557755248479494e-01 2.852264998774940111e-03
2.551372846851468479e-01 3.101028112589505024e-03
2.741897446682527439e-01 3.369339539714322120e-03
2.931076808256918298e-01 3.657768888110382154e-03
3.118856868375111668e-01 3.966849458174875366e-03
3.305184272894651221e-01 4.297085371295418857e-03
3.490006401728734664e-01 4.648954222303248139e-03
3.673271393753332337e-01 5.022912774237842277e-03
3.854928170711402480e-01 5.419399085873699735e-03
4.034926460993106812e-01 5.838833896498328568e-03
4.213216822414035390e-01 6.281622419962255670e-03
4.389750664958548265e-01 6.748155684083875956e-03
4.564480272471268529e-01 7.238810031514022331e-03
4.737358823909225691e-01 7.753947978129904946e-03
4.908340414026870491e-01 8.293918143210642080e-03
5.077380073461292831e-01 8.859054866917431825e-03
5.244433787938874714e-01 9.449678315108853491e-03
5.409458517109401177e-01 1.006609403057013609e-02
5.572412212608137683e-01 1.070859244853946367e-02
5.733253835395463183e-01 1.137744878944340829e-02
5.891943372548272828e-01 1.207292287061051406e-02
6.048441853054790096e-01 1.279525815219864811e-02
6.202711363431770986e-01 1.354468205899587822e-02
6.354715062047829877e-01 1.432140516355883200e-02
6.504417193165136224e-01 1.512562123252454357e-02
6.651783100118674463e-01 1.595750678331635253e-02
6.796779237662156081e-01 1.681722092095725568e-02
6.939373183654869992e-01 1.770490490653670729e-02
7.079533650140642509e-01 1.862068230325654786e-02
7.217230493487092335e-01 1.956465847987615136e-02
7.352434723844766262e-01 2.053692052512438165e-02
7.485118513942359275e-01 2.153753741749482933e-02
7.615255207008689853e-01 2.256655943345835941e-02
7.742819323961013245e-01 2.362401842803852486e-02
7.867786569993168166e-01 2.470992769354858967e-02
7.990133840117246145e-01 2.582428188766220170e-02
8.109839224245253275e-01 2.696705698739780901e-02
