1.419042187499996999e-02 1.646616406250001607e-01 2.302210468749998906e-01 1.698911995746970716e+00
-3.590070312500004412e-02 8.518442187500013807e-02 2.663526093750000490e-01 2.549687540591381030e+00
1.514702343749999569e-01 4.522510156250001967e-01 1.713108906249999341e-01 2.651403861146470753e+00
-3.700612343749999922e-01 1.093731406250001564e-01 7.049583593749999544e-01 2.692560775488104685e+00
3.575220312499993724e-02 3.408937343750001459e-01 1.497890468749999981e-01 1.591761785233808624e+00
1.203986718749999740e-01 4.310719531250001291e-01 1.540305781249999284e-01 2.313778336034581162e+00
-2.487879843749999931e-01 5.211387031250002133e-01 5.192735468749999361e-01 2.399214579271706782e+00
-2.168310937500006474e-02 2.182781093750001400e-01 1.620423593749998892e-01 2.041894814087501064e+00
-1.570797968750000662e-01 5.459962343750001112e-01 5.211586718749999791e-01 2.186705248806017909e+00
1.316974218749998871e-01 3.033287656250001629e-01 1.628278281249999071e-01 2.301792774280471576e+00
-9.747889062500003643e-02 3.732196718750001585e-01 1.889053906249999470e-01 2.330731183344339819e+00
-3.969899218749999847e-01 4.337472031250001470e-01 7.907315468749998022e-01 2.675865565027667259e+00
-3.022687343750000144e-01 2.533907656250001805e-01 5.095337343750000469e-01 2.327589749421908216e+00
-3.100457812500007071e-02 3.245078281250001750e-01 2.608543281249999790e-01 1.201437140041895946e+00
-3.090479843750000288e-01 4.582703281250002370e-01 5.720570468749999193e-01 2.007163129308832339e+00
-7.667035937499999676e-02 4.656272656250001751e-01 3.128523593749998888e-01 1.868314351821279917e+00
-2.954894843750000000e-01 2.482632031250001647e-01 6.116446718750000455e-01 1.941920349831824710e+00
9.356414062499995854e-02 2.485976093750001670e-01 6.990828124999959314e-03 1.821895436132346724e+00
6.814195312499993218e-02 2.139308281250001664e-01 8.538060937499997172e-02 1.922851490417790687e+00
-3.643177031250000031e-01 4.778888281250002201e-01 6.727541406249999412e-01 2.405255663528973908e+00
-2.366418281250000366e-01 6.313812968750001087e-01 6.325381406249999117e-01 2.336488828231847670e+00
-1.085514062500003707e-02 3.916120156250001982e-01 2.489152031249999286e-01 1.466432193731845413e+00
-7.544632812500001728e-02 3.858156406250001780e-01 3.563673281250000491e-01 1.318068142954951005e+00
1.809411406249998855e-01 1.973219843750001479e-01 -6.071657812500005913e-02 2.616816950241927842e+00
-1.396229687500005756e-02 3.116889218750001356e-01 1.089446718749998988e-01 1.629955022575270362e+00
-6.712265625000046754e-03 4.486840156250001543e-01 3.791459218749999582e-01 2.562401939614573632e+00
-1.101899843750000496e-01 7.972245312500014780e-02 3.293472031249999876e-01 2.567048859549238227e+00
8.339526562499988138e-02 3.894941093750002303e-01 -6.574357812500006282e-02 2.456142334055726462e+00
1.264246718749999498e-01 2.604132968750001442e-01 -1.028948437500004642e-02 2.015107445172159562e+00
-2.673367656249999724e-01 3.095710156250001677e-01 6.375651406249999154e-01 1.777375263541285610e+00
-1.147094843750000592e-01 2.702225468750001358e-01 5.362396718749999902e-01 2.070359184884652759e+00
4.610939062499985752e-02 1.767002656250001580e-01 9.276401562499991815e-02 2.126941873817178141e+00
-3.438857968749999827e-01 5.094344843750001628e-01 6.840648906249999772e-01 2.173446219931067791e+00
-6.640732812499999804e-02 3.541585156250001698e-01 3.783604531249998848e-01 1.573942629979847574e+00
-1.132971406250000146e-01 9.588542187500015412e-02 3.180364531249999516e-01 2.564047311566103104e+00
-7.902426562500003415e-02 4.736530156250002288e-01 3.414434218749999861e-01 1.790336790977460346e+00
-6.894954687500010060e-02 2.474829218750002058e-01 4.201473906249998391e-01 2.102055603605791578e+00
-1.603373437499999721e-02 6.924439062500015174e-02 3.887286406250000104e-01 2.545487503265947193e+00
8.499592187499993567e-02 2.510499218750001926e-01 -2.976910937500004684e-02 2.166217378787107961e+00
-2.004858281250000429e-01 3.617383906250001280e-01 4.072657031250001003e-01 1.689302856348367188e+00
6.079776562499983328e-02 4.182530468750002006e-01 1.659697031249999788e-01 1.698300144699306458e+00
-3.896457343749999969e-01 5.124441406250002107e-01 7.293078906249998994e-01 2.589241850524670596e+00
-3.098953906250000445e-01 5.170143593750000655e-01 6.835936093750000220e-01 2.193277947957692930e+00
2.411069843749998887e-01 2.242974218750001525e-01 -1.252821093750000614e-01 2.438444498062950938e+00
-9.145289062500000510e-02 3.346514843750001966e-01 3.841729218749999619e-01 1.236134528894104134e+00
-1.346706093750000277e-01 2.971979843750001682e-01 3.378302656250000702e-01 1.431139992237646652e+00
4.761589062499993474e-02 5.457732968750002023e-01 1.601572343749999572e-01 2.504070985097587965e+00
-1.818428906250000865e-01 2.747927656250001571e-01 4.851842031249999909e-01 1.259942902961981748e+00
1.155025468749999451e-01 3.977427968750001930e-01 -9.189828125000076842e-03 2.398936413777856824e+00
-2.994440468750000361e-01 3.149215156250001479e-01 5.277566093750000187e-01 1.971120321766038241e+00
3.283335937499987089e-02 2.090262031250001429e-01 2.542563906250000505e-01 1.526129777655441888e+00
-2.129144531250000139e-01 2.078000468750001717e-01 6.030045156250000149e-01 1.930567948294813707e+00
-2.516126718750000268e-01 2.368933906250001720e-01 3.802455781249999278e-01 2.225377846293940642e+00
3.349245312499993243e-02 1.851718906250001684e-01 2.328916406250000071e-01 1.342339572416856086e+00
5.260617187499994074e-02 1.112681093750001460e-01 3.158371406249999014e-01 2.436414886071051722e+00
-8.872235937500000391e-02 4.304031406250002356e-01 3.079824531249999442e-01 1.772493024689424601e+00
-1.584921406250000553e-01 1.790411093750001736e-01 4.919392343749999785e-01 2.105289835877377946e+00
-2.313690781250000439e-01 5.573660468750001318e-01 5.640452656249999031e-01 2.254197985274257743e+00
-3.386130468750000455e-01 1.571932343750001293e-01 6.281395156249998113e-01 2.556309018254136145e+00
-2.695585937500005747e-02 4.513592656250001722e-01 1.339225781250000247e-01 2.578177410993180096e+00
-1.374011406250000289e-01 1.760314531250001535e-01 4.837703593750000142e-01 2.236124148228382236e+00
1.119246093749999282e-01 4.287311093750001412e-01 1.331371093749999512e-01 2.221128997385833692e+00
4.586484374999921787e-03 2.619738593750001732e-01 2.234660156249999030e-01 1.267081412443173516e+00
1.301909218749999209e-01 3.128036093750001245e-01 2.449878593750000055e-01 2.642973180598063188e+00
1.074051093749999186e-01 2.765762656250001505e-01 5.019160937499994590e-02 1.821189950634072741e+00
-2.518009843749999810e-01 1.320012968750001459e-01 3.994110156249999211e-01 2.690367480385869925e+00
1.344279531249998882e-01 1.420334843750001574e-01 1.422485468749999926e-01 2.144106119306434355e+00
-3.452039843749999948e-01 5.607101093750002097e-01 7.319784843750001269e-01 2.277929349640235746e+00
-1.613168281250000891e-01 1.586423281250001482e-01 4.507806718749999275e-01 2.025162284428957626e+00
-2.113137968750000151e-01 1.735791406250001556e-01 6.173000468750000636e-01 2.299559330086979880e+00
-3.517949218749999996e-01 4.090011406250002035e-01 7.406186406249999354e-01 2.471391222769829810e+00
-2.605575156250000135e-01 2.354442968750001530e-01 5.898086406249999358e-01 2.009593668611089790e+00
-1.720506406250000841e-01 3.374382031250001690e-01 6.162003906250000940e-01 2.422573223473036386e+00
-2.901225781250000302e-01 2.053477343750001738e-01 6.322239531250000155e-01 2.183449747951575315e+00
-2.660185781250000159e-01 4.490184218750001843e-01 5.448798281249999098e-01 1.791799583108481420e+00
-3.440741093750000479e-01 1.696777343750001665e-01 6.597153593749999212e-01 2.442167823745127198e+00
-1.980377656250000284e-01 6.109825156250001665e-01 5.762985781249999606e-01 2.307386311885001096e+00
-3.128142343749999998e-01 2.091376718750001529e-01 5.978204218749999521e-01 2.150945504319428991e+00
-3.347526406249999864e-01 3.533782343750000998e-01 5.015219531250000307e-01 2.327933732976864789e+00
-2.253430781250000403e-01 3.734426093750001785e-01 4.669613281249999082e-01 1.586072354635780446e+00
-3.188402343749999757e-01 3.459098281250002072e-01 5.188022656249998699e-01 2.142969480035866070e+00
-3.533955781249999983e-01 2.955259531250001848e-01 8.190084218750000034e-01 2.352058816577968781e+00
-4.230332812499998374e-02 2.344410781250001463e-01 4.455965781249999758e-01 2.629088962723628686e+00
5.109967187499986352e-02 2.745698281250001371e-01 6.527260937499995697e-02 1.815846667423073768e+00
-1.692259531250000504e-01 4.319637031250001535e-01 4.858125781250000053e-01 1.669187786011113062e+00
4.940485937499994318e-02 2.637573593750002221e-01 7.619203124999973653e-03 2.269069534494941198e+00
7.821667187499992124e-02 2.157143281250001599e-01 -9.119276562500003291e-02 2.560690380549361045e+00
-4.734984375000084178e-03 2.749042343750001671e-01 1.521454531249999409e-01 1.502017112813497590e+00
1.448792968749998966e-01 3.179311718750001403e-01 1.155426093749999938e-01 2.438449843609770795e+00
-2.361710468750000680e-01 4.965041093750002243e-01 5.984487968749999665e-01 2.087626079469863338e+00
-3.210999843749999805e-01 2.624197343750001021e-01 5.437801718750000513e-01 2.220337266117091257e+00
8.772645312499993686e-02 2.316543593750001739e-01 2.187532031249999065e-01 1.894437376000209783e+00
1.151259218749998148e-01 3.335367968750001522e-01 1.259107968749999529e-01 2.157143587058237166e+00
-4.640828125000107107e-03 2.033412968750001604e-01 3.884144531249998922e-01 2.548452343807559473e+00
-6.147328125000073307e-03 2.318772968750001662e-01 2.772720312499993289e-02 2.558264750875717031e+00
-2.598042656250000304e-01 1.969875781250001734e-01 3.530683593749999183e-01 2.648687371170759697e+00
-9.286523437500004974e-02 2.812579531250001819e-01 3.609230468750000975e-01 1.237076103453114584e+00
-2.785413593750000194e-01 2.026724843750001559e-01 3.703486718749998685e-01 2.612354463360559986e+00
-1.751577968749999936e-01 4.912650781250001431e-01 4.990084531249999733e-01 1.683070049055668260e+00
-2.214826718749999812e-01 4.579359218750002070e-01 6.220128593749999490e-01 2.531125406100301678e+00
-8.335545312500008963e-02 2.527219531250001761e-01 2.127836406249999923e-01 1.840777055168790310e+00
-4.974167187500005971e-02 4.551492031250001791e-01 2.795484843749999060e-01 1.939113343255304711e+00
-2.471873281250000498e-01 5.954660937500014933e-02 4.646049218749999099e-01 2.595391846886922149e+00
-2.469610937500005265e-02 2.241859531250001425e-01 2.253511406249999460e-01 1.643438068839966792e+00
2.428017968749998090e-01 2.847134843750001587e-01 -1.636129843750000479e-01 2.531449396616957781e+00
8.556085937499990912e-02 3.211637656250001527e-01 4.626426562499991180e-02 1.847935163803962277e+00
-5.943976562500002947e-02 4.646240468750001407e-01 4.160629531249999680e-01 2.372994774311232291e+00
-1.229952343750000954e-01 4.444482031250001630e-01 4.305155781249999647e-01 1.674034270131492752e+00
8.574917187499997429e-02 4.136828281250001793e-01 2.848896718749999168e-01 2.134237584630391815e+00
-3.674810937500005981e-02 4.186989218750001851e-01 3.753756718749998722e-01 1.939670612575948638e+00
-9.832629687500005211e-02 3.114659843750001711e-01 1.210408906249998973e-01 2.392645118429896467e+00
1.395123906249998713e-01 2.522760781250000806e-01 2.303781406249999497e-01 2.543227045327527858e+00
-6.169951562500008979e-02 4.477922656250001854e-01 1.755524218749999754e-01 2.602365200943490997e+00
5.571332812499985021e-02 4.236035468750001809e-01 -6.990515625000026656e-03 2.559622287823143161e+00
-2.131969218750000006e-01 3.907202656250001738e-01 5.797546406249999285e-01 2.136018418365881910e+00
-1.229010781250000628e-01 5.846758906250002497e-01 4.248602031250000577e-01 2.411146879288834644e+00
-1.923883906250000164e-01 7.470635937500014201e-02 4.729308906249999334e-01 2.522346439418569286e+00
-2.787296718750000846e-01 5.312823593750001239e-01 5.158174843749998573e-01 2.593294010599213717e+00
9.337582812499989338e-02 2.679931718750001579e-01 1.767320312499992552e-02 1.843458588243994001e+00
-2.671484531250000183e-01 4.726497968750001388e-01 5.260285781249999237e-01 2.066201876541538418e+00
-6.753720312500005596e-02 1.403614531250001463e-01 3.826019843750000371e-01 1.922859666608119023e+00
-1.474758593750000735e-01 4.043194531250002277e-01 3.324890781249999483e-01 2.006402576207882760e+00
-9.022885937500002562e-02 2.659867343750001445e-01 4.870693281249999229e-01 2.092899691109313842e+00
-3.211941406250000131e-01 1.178447656250001391e-01 6.620717656250000305e-01 2.416710271364998164e+00
-8.024829687500001363e-02 3.066728281250001853e-01 5.384389843749999294e-01 2.244996544677495098e+00
-6.405342187500007167e-02 3.695412031250001617e-01 3.698773906250000243e-01 1.591775955952327681e+00
-1.744607812500004185e-02 3.213867031250001172e-01 1.276388281249999923e-01 1.587610725679905244e+00
6.352829687499983446e-02 1.496133593750001711e-01 1.277959218749998849e-01 2.348001201137359661e+00
-2.215389062500011663e-02 2.798088593750002184e-01 4.756014843749999388e-01 2.623145601347293798e+00
2.483007812499993250e-02 3.123577343750001956e-01 2.844183906249998506e-01 1.770933862409163950e+00
2.200539062499995424e-02 2.750157031250001771e-01 3.109672343749999568e-01 1.936941689663604471e+00
-3.640352343750000164e-01 2.912901406250001934e-01 6.955327343749999613e-01 2.528648392114316135e+00
-1.433892187500013238e-02 4.190333281250001596e-01 1.874915468749999148e-01 1.835440965554557602e+00
-1.308102031250000241e-01 2.710028281250000948e-01 6.141581718750001029e-01 2.586322877072572357e+00
1.384766718750000125e-01 1.557441406250001381e-01 6.048265624999937806e-03 2.676047064247919494e+00
-6.829045312500003906e-02 4.103387656250001569e-01 3.650074843750000797e-01 1.450961444583564575e+00
-1.787357343750000105e-01 6.634620312500014161e-02 5.335690781249999848e-01 2.406274741426390307e+00
-2.290151718750000065e-01 2.503811093750001882e-01 4.025528906249998817e-01 1.926754918178815723e+00
-1.108490781250000556e-01 3.032172968750002084e-01 5.814826718750000234e-01 2.369031420089876327e+00
-8.100154687500010775e-02 3.191573281250001948e-01 5.120472343749999933e-01 1.997211618222102691e+00
-3.691196718749999994e-01 2.665440781250001390e-01 5.854100156249999465e-01 2.665998079329725101e+00
1.224701093750000247e-01 1.840572031250001517e-01 -4.005734375000069569e-03 2.220634616056771371e+00
5.062889062499986714e-02 3.601778281250001545e-01 3.928906249999197797e-04 2.101527167222911885e+00
-3.254311718750000360e-01 3.009879218750001750e-01 7.296220781250000176e-01 2.218620302201250283e+00
1.606975468749998193e-01 1.158383281250001673e-01 8.051070312499986059e-02 2.358571688752416851e+00
-3.985526562500002479e-02 3.038861093750001574e-01 3.932843593749999478e-01 1.779085459850779483e+00
-1.965312656250000622e-01 1.623207968750001728e-01 3.277762656250000628e-01 2.627484361730827445e+00
-1.671545156249999997e-01 1.591996718750001705e-01 4.909966718749999570e-01 2.024979304429161076e+00
1.358402968749998774e-01 8.663351562500015701e-02 2.278646406250000034e-01 2.351969863209389722e+00
-1.070828281250000291e-01 2.911786718750001279e-01 2.338342031249999176e-01 1.873169463553322922e+00
-1.317517656250000724e-01 3.538241093750001953e-01 4.122927031250001040e-01 1.045800200044078698e+00
-2.244956718750000246e-01 6.093104843750001276e-01 5.913795781249998607e-01 2.357965139211195105e+00
-1.918234531250000430e-01 3.019911406250002095e-01 4.928817968750000000e-01 1.264812965139140211e+00
-7.177423437500002334e-02 3.281862968750001164e-01 3.714483281249999491e-01 1.354904270438197056e+00
7.976109374999873491e-03 3.376611406250001335e-01 2.677664531249999147e-01 1.283936801466452060e+00
2.122951718749997996e-01 2.538366406250001095e-01 -2.427082812500003239e-02 2.465362890837146548e+00
-1.931416406250000550e-01 4.139057656250001438e-01 5.213157656249999272e-01 1.818590638102425050e+00
-3.242071406250000010e-01 9.109226562500014057e-02 6.812372031250000237e-01 2.486767100352850424e+00
-2.491646093750000401e-01 5.686243906250002533e-01 5.858812968750000127e-01 2.354539118565415201e+00
-2.026514218750000151e-01 1.791525781250001559e-01 5.987629843749999736e-01 2.246427870759824419e+00
-8.213142187499999913e-02 5.935933906250002723e-01 3.631223593749999257e-01 2.665264712369432853e+00
-8.783703124999986400e-03 3.700985468750001561e-01 1.675406406249999591e-01 1.559756406357952097e+00
-3.606456093750000091e-01 3.396675781250002024e-01 7.005597343749999650e-01 2.457855361622472312e+00
-2.212943593750000271e-01 4.023130156250001588e-01 3.692490156249998989e-01 2.476301909451100070e+00
-7.516385937500003056e-02 2.960832968750001792e-01 2.966717031249999081e-01 1.134883049523555343e+00
1.968535468749998962e-01 3.006535156250001450e-01 -8.946473437500004899e-02 2.400543272092834357e+00
-8.312921875000101046e-03 2.244088906250001625e-01 3.734905468750000512e-01 2.337931688441198919e+00
-1.011509843750000859e-01 3.258454531250001285e-01 4.188906406250000325e-01 1.208538503911383177e+00
-1.406966093750000590e-01 6.255626562500014864e-02 5.236721718750000365e-01 2.687709630170105335e+00
-2.421970468750000716e-01 2.225139218750001868e-01 4.606775781249999868e-01 2.063286123017456841e+00
1.706781093749998313e-01 2.578495156250001918e-01 1.108297968749999418e-01 2.631015224868637148e+00
1.862138906249999337e-01 2.171634218750001788e-01 -2.310062031250000592e-01 2.664692007548933095e+00
1.271779218749998774e-01 4.408812031250001207e-01 2.360335156249999677e-01 2.409706316551678995e+00
-2.457749843750000052e-01 4.054341406250001612e-01 5.728425156249999928e-01 1.828593796259036175e+00
9.977845312499988850e-02 3.722164531250001795e-01 3.200786718749999427e-01 2.684009188044936156e+00
-2.544935937500003575e-02 3.250651718750001695e-01 6.197364062499999271e-02 2.176890824104092292e+00
1.399831718749999787e-01 2.174978281250001533e-01 2.035151093749999474e-01 2.301921223675443162e+00
-8.712170312500006064e-02 3.468015781250002316e-01 1.323516406249998778e-01 2.449396163523712922e+00
-4.136176562499999099e-02 1.576391093750001415e-01 4.052234843750001092e-01 2.399796941399623407e+00
1.231292031249999752e-01 3.599548906250001346e-01 -7.304703125000089337e-03 2.233844618076273214e+00
-2.857913906250000302e-01 1.580849843750001538e-01 4.608346718749999349e-01 2.689594077321375565e+00
-6.122873437500003790e-02 2.475943906250001325e-01 2.853609531249999831e-01 1.428143120249911968e+00
-1.136737656250000894e-01 5.943514062500014627e-02 4.743447343750000211e-01 2.460718700661356007e+00
-1.504888593750000614e-01 3.739999531250001730e-01 4.617772343749999564e-01 1.316379853181609549e+00
-3.981734375000101078e-03 4.328554531250001225e-01 3.328032656250000665e-01 1.939060024984985198e+00
-3.076356406250000397e-01 3.479162656250001651e-01 6.356800156249998723e-01 1.971430214779206214e+00
-3.162980156250000396e-01 5.254859843750001591e-01 6.014335781249998680e-01 2.607133029554550951e+00
-1.895257812500006356e-02 2.705569531250001658e-01 3.117527031249999192e-01 1.546279723354190505e+00
-3.104603281250000180e-01 1.924173593750001798e-01 6.941188906249999846e-01 2.446928794819527742e+00
-8.118985937500000638e-02 4.401009218750001617e-01 2.759353281249999901e-01 2.003747161798739018e+00
-2.039696093750000272e-01 2.526104843750001105e-01 6.166716718750000492e-01 1.919333177487105413e+00
-2.677133906250000472e-01 2.081344531250001739e-01 7.355916406250000428e-01 2.537589252601831546e+00
-3.204029687499998502e-02 1.078125781250001552e-01 2.698086718749999058e-01 2.322987536856773172e+00
2.341773437499988786e-02 2.577380468750001263e-01 2.415317968749999267e-01 1.485508163329420706e+00
1.482689218749998483e-01 2.755730468750001716e-01 1.282672031249999511e-01 2.436979102566297684e+00
-1.697908906250000793e-01 4.484610781250001899e-01 4.115072343749999195e-01 1.957063225794855033e+00
3.885935937499995774e-02 4.537001093750001601e-01 1.317232656249999745e-01 2.333309833070370765e+00
-9.503082812500002197e-02 3.678691718750001782e-01 1.956604218749999902e-01 2.217185631067149831e+00
1.458208593749998894e-01 2.341066718750001718e-01 1.488464843749999766e-01 2.365419754625873505e+00
-3.502884218749999778e-01 3.124692031250001500e-01 6.689838906249999662e-01 2.397555333629913576e+00
1.512819218749998917e-01 4.862489843750001373e-01 2.317148437499993996e-02 2.646361950932032414e+00
1.223759531249998256e-01 1.752511718750001668e-01 7.776296874999921727e-03 2.360155757796853937e+00
3.829442187499998429e-02 4.915994843750001730e-01 7.972523437499989818e-02 2.599630819756595823e+00
-9.032301562500005820e-02 5.889117031250001855e-01 3.961120468749999013e-01 2.666093964993352383e+00
1.618274218749998772e-01 2.734551406250001482e-01 1.307807031249999530e-01 2.564781028977050514e+00
4.021546874999892829e-03 1.244214218750001599e-01 3.241631093749999248e-01 2.040494461019322525e+00
-1.182874218750000206e-01 1.201856093750001547e-01 4.796859218749999210e-01 2.429413006899887595e+00
5.995035937499992862e-02 4.230462031250001309e-01 2.561415156249999825e-01 1.713040902022912038e+00
1.166324218749998920e-01 3.329794531250001577e-01 9.826229687499993259e-02 2.165332661651465429e+00
1.697365468749998385e-01 2.813694218750001363e-01 -1.653410156250000873e-01 2.627815789211572994e+00
-3.299506718750000456e-01 8.117154687500013899e-02 6.917624843750000974e-01 2.530521982766043898e+00
-5.087154687500011763e-02 4.363109843750002104e-01 1.763378906249999378e-01 2.402056102958034955e+00
-2.912145312500008520e-02 1.970990468750001556e-01 3.254198593749999535e-01 1.661912498580690345e+00
-1.928591718750000683e-01 4.374256718750001993e-01 3.747472968749999689e-01 2.398107804290489309e+00
-2.464340781250000667e-01 3.229472656250001461e-01 5.459794843749998794e-01 1.631988556560506787e+00
-1.741220781250000238e-01 8.685645312500016313e-02 4.832990781250000589e-01 2.451017323214973231e+00
-3.971782343749999944e-01 5.334002656250002028e-01 7.544428906249998068e-01 2.628859477182974302e+00
1.089495312499993984e-02 4.154663281250001727e-01 5.097707812499990832e-02 2.537210730529984914e+00
1.827301093749998939e-01 2.921818906250001624e-01 -7.956782812500007296e-02 2.250418326210388287e+00
-3.269376718750000022e-01 2.739010156250001882e-01 5.536770781249999995e-01 2.264030772657807056e+00
1.822593281249998975e-01 6.723795312500015220e-02 1.083162968749999400e-01 2.518978831668679419e+00
4.083664062499992031e-02 5.062910937500014752e-02 3.453707656250000202e-01 2.666466845157683618e+00
-2.905933593750000266e-01 3.870417968750001769e-01 6.036328906250000292e-01 1.787655416566376720e+00
-2.817989062500014796e-02 4.636208281250002172e-01 2.930585468749999922e-01 1.646418875991734643e+00
5.998828124999966427e-03 3.308615468750001343e-01 2.021012656249999151e-01 1.378716212384130557e+00
-1.599044843750000444e-01 7.916510937500013945e-02 3.928130781249999925e-01 2.390835925740969703e+00
-7.111514062500007283e-02 2.542825156250002050e-01 5.139323593749999253e-01 2.535905465534172620e+00
-7.215085937499998714e-02 2.774680156250001750e-01 4.008248593750000088e-01 1.708344197978761692e+00
1.277807812499992535e-02 1.798213906250001881e-01 2.281788281249998995e-01 1.608914485505662517e+00
-7.601126562500004624e-02 4.931600468750002020e-01 3.133236406249999551e-01 2.058891213101655904e+00
1.903567656249999240e-01 1.431481718750001464e-01 -1.073734218750000691e-01 2.654602115761201198e+00
-1.831610781249999875e-01 3.886023593750002059e-01 4.203044843749998982e-01 1.607636475449830682e+00
-2.356623437499999474e-02 4.151319218750001427e-01 3.409721406249999198e-01 1.664321396594002911e+00
2.326734374999916977e-03 2.992044218750001261e-01 1.130291093749999920e-01 1.566112664530119769e+00
-9.804382812500000988e-02 4.907077343750002596e-01 3.797742968749999726e-01 2.005999038993839800e+00
-1.519012031250000505e-01 5.152308593750001275e-01 5.073344218749999968e-01 2.027025022590112968e+00
-1.470050781250000771e-01 3.463557031250001361e-01 4.982229843749998999e-01 1.470738826699659718e+00
-2.504827968750000244e-01 3.485850781250002250e-01 3.340600156249999841e-01 2.647901420524509941e+00
-2.394285937500006956e-02 1.481642656250001244e-01 2.963575156250000120e-01 1.774912861489131632e+00
1.745385156249998904e-01 2.834873281250001598e-01 -1.280298437500004827e-02 2.312311903554190362e+00
-8.938145312500006545e-02 6.467417187500014431e-02 4.614630468749998382e-01 2.567362924971640759e+00
-2.140443281250000163e-01 1.795984531250001404e-01 4.330290781250000220e-01 1.952085794695797016e+00
-1.732746718750000636e-01 3.388872968750001324e-01 6.026903281250000077e-01 2.276494458162188650e+00
-3.043964062500004175e-02 4.027588906250001988e-01 3.098675781249999872e-01 1.264176746714243960e+00
1.683242031249998494e-01 3.168164843750002069e-01 5.553279687499990125e-02 2.637044531986705742e+00
2.434608906249998705e-01 2.598559531250002053e-01 -1.265388593750000623e-01 2.499503239810819899e+00
-3.062232968750000506e-01 3.276289531250001219e-01 7.267943906249998420e-01 2.165512094942122268e+00
9.780117187499992593e-02 1.466037031250001510e-01 -3.683832812500006937e-02 2.602290292815195638e+00
4.868953124999964022e-03 3.509259218750002129e-01 7.265601562499990340e-02 1.975109748535778920e+00
5.904671874999878334e-03 4.630634843750001672e-01 1.766520781249998895e-01 2.243691351607355333e+00
1.776835937499998685e-02 3.324221093750001632e-01 3.197644843749999355e-01 1.924640549208192608e+00
-3.584800156249999814e-01 2.996502968750002216e-01 6.562592968749999534e-01 2.494829246396719213e+00
-1.554791406250000674e-01 6.086416718750002897e-01 4.536083593749999920e-01 2.673293953398768963e+00
-5.921093750000383515e-04 5.564520312500014637e-02 3.192932031249999802e-01 2.098241897245043397e+00
-3.406844843750000407e-01 4.800067343750002435e-01 5.909082968750000164e-01 2.278614543475028231e+00
-3.699265625000058844e-03 3.815798281250001311e-01 4.102504843750001129e-01 2.456178641321942191e+00
5.377656249999085425e-04 2.154913906250001676e-01 2.159255156249999530e-01 1.526643050859943118e+00
-2.899342656250000205e-01 1.492789531250001689e-01 6.590869843750000179e-01 2.431295402172191089e+00
-2.604633593750000919e-01 4.175842343750001961e-01 5.872951406249998785e-01 1.814936921340027043e+00
3.791779687499996498e-02 3.489194843750001995e-01 1.859206093749999344e-01 1.400857661239304219e+00
-1.803363906250000648e-01 5.318397031250002849e-01 4.006677656249999497e-01 2.617946406176564711e+00
3.047945312500000004e-02 3.272945468750001474e-01 3.511832343749998753e-01 2.296654577734431601e+00
1.177622968749999499e-01 5.983865468750001471e-01 1.156997031249999419e-01 2.478459074294244058e+00
-2.819309843750000266e-01 6.240243593750002260e-01 6.681984218750000037e-01 2.476702923767684084e+00
-2.163982343750000537e-01 3.453524843750001572e-01 3.929701718749998296e-01 1.840998301362677170e+00
-1.622204687500006237e-02 2.477058593750001703e-01 3.386157343750000326e-01 1.875181392031369576e+00
-3.959542031250000149e-01 5.104377031250002528e-01 7.007168281249999131e-01 2.670067827135489402e+00
3.085607812499990832e-02 4.750798437500014515e-02 3.130094531249999479e-01 2.245904662905135130e+00
-2.888985468750000507e-01 3.405593281250002269e-01 7.004026406250000170e-01 2.184595962989289042e+00
-8.354376562500004377e-02 4.473463906250002009e-01 5.018361406249999268e-01 2.687746791468883956e+00
-5.482610937500009829e-02 3.673118281250001282e-01 2.863035156250000046e-01 1.450632228704845428e+00
3.320998437500000122e-02 4.163580781250001972e-01 1.142858593750000207e-01 2.066626715480725185e+00
-1.240309531250000652e-01 2.531678281250001605e-01 3.178793593749998925e-01 1.263424443487820348e+00
-3.450156718750000406e-01 1.997742968750001458e-01 5.849387343749999912e-01 2.623596486390394666e+00
4.036585937499992394e-02 2.802547343750001474e-01 -2.254279687500004847e-02 2.681274923702315682e+00
-2.001092031250000791e-01 4.820131718750001459e-01 4.426117968749999632e-01 2.173971936285736373e+00
-6.923201562500014283e-02 2.435815156250001612e-01 2.200099531249999352e-01 1.725732042977354164e+00
1.112655156249998667e-01 2.539481093750001750e-01 2.144345312499995604e-02 1.916063616282404958e+00
-1.544434218750000420e-01 2.219565781250001646e-01 3.397153906250000022e-01 1.523198040211475091e+00
-3.608339218750000188e-01 5.337346718750001218e-01 6.627001406249999338e-01 2.660605033959908106e+00
-1.586804531250000094e-01 6.216835156250001271e-01 4.732450781250000515e-01 2.654939617376664174e+00
-5.953392187500006205e-02 3.719935156250002151e-01 2.720079843749999560e-01 1.392385353445808605e+00
1.060869218749999066e-01 1.977678593750001601e-01 2.632107343749999773e-01 2.335707676887139872e+00
-2.869212656250000326e-01 2.267497343750001504e-01 6.608150156249998908e-01 2.177282489639547070e+00
7.693640624999886768e-03 1.227493906250001487e-01 2.209525156249999567e-01 2.185745804016384408e+00
-2.120670468750000537e-01 5.679555781250001933e-01 6.108592031249999721e-01 2.374110942154349591e+00
8.631410937499994773e-02 2.374507343750001664e-01 1.868631718749999560e-01 1.812836110195995110e+00
-3.660125156250000344e-01 2.902869218750001590e-01 8.342465156250000735e-01 2.445189793352437579e+00
-6.876123437500003543e-02 7.180817187500014576e-02 3.323319843750000002e-01 2.543002139496636005e+00
-2.111254843750000609e-01 5.024119531250000881e-01 6.000197343750000023e-01 2.353386792278646222e+00
-3.105544843749999950e-01 5.658376718750002254e-01 7.357487343749999908e-01 2.666762315321972832e+00
-2.121232812500006837e-02 2.925162968750001924e-01 3.670497031249999598e-01 1.924124940871470235e+00
-2.413496406250000281e-01 2.125932031250001575e-01 3.274620781249999446e-01 2.585171676826000908e+00
1.348987343749999956e-01 3.703214843750001206e-01 -6.480101562500004131e-02 2.348431209854837221e+00
-2.338171406250000306e-01 1.549638593750001514e-01 4.130781718749998443e-01 2.252303275858150489e+00
-8.721585937500003771e-02 1.323357031250001481e-01 3.804026718749998759e-01 1.963067168238156857e+00
-9.757304687500006901e-02 1.119369218750001505e-01 3.998822968749999873e-01 2.086688531090741261e+00
-2.837199531250000351e-01 5.253745156250002601e-01 5.186451718750000328e-01 2.586707177733718499e+00
9.318751562499993923e-02 4.469005156250001609e-01 3.495351562499993125e-02 2.582581361898669048e+00
-2.053819531250000718e-01 2.117014531250001608e-01 3.038980156249999620e-01 2.486686227784141057e+00
2.115798437499993856e-02 2.676587656250001279e-01 2.687090156249999362e-01 1.605144377688572099e+00
-1.068003593750000424e-01 1.923058906250001698e-01 2.112127031250000120e-01 2.671292572288454625e+00
-3.510416718750000165e-01 2.652064531250001855e-01 6.163574843749999310e-01 2.472129223658007469e+00
4.196651562499997823e-02 9.644276562500014860e-02 3.467846093749998859e-01 2.660991133681379406e+00
-1.117906406250000484e-01 3.110201093750001311e-01 2.619539843749999486e-01 1.593997251746843924e+00
-2.643237656250000400e-01 1.427022968750001342e-01 7.040157968749999329e-01 2.453471745089758738e+00
-6.471251562500013321e-02 1.301063281250001702e-01 2.517428906249999931e-01 2.469673109885129669e+00
5.128798437499992868e-02 5.315052968750002549e-01 2.553560468749999091e-01 2.623312238335090196e+00
-8.928729687500003287e-02 1.634354843750001340e-01 4.740305468749999029e-01 2.628221568521107443e+00
-1.250666718750000350e-01 3.630760156250001924e-01 1.838783906249999434e-01 2.577148625264346293e+00
-1.349530781250000699e-01 3.581713906250001411e-01 2.170251718750000336e-01 2.399209990960916805e+00
7.962901562500002139e-02 3.424542968750001193e-01 2.630536406249999182e-01 1.964836363910181571e+00
7.718095312499995142e-02 2.455879531250001746e-01 1.987251562499992019e-02 1.792073231054742033e+00
-1.930474843750000224e-01 8.195182812500015346e-02 4.298872031250000614e-01 2.261840658311098373e+00
-3.844292187500014668e-02 1.867324531250001696e-01 2.842612968750000135e-01 1.697137846911396686e+00
-2.277911406250000270e-01 2.752386406250001416e-01 7.275798593750000265e-01 2.677625596051716794e+00
2.609203124999959211e-03 7.871923437500014109e-02 3.334316406249999698e-01 2.157893865999957583e+00
-9.606654687500004730e-02 1.914141406250001731e-01 4.168484218750000414e-01 1.946196594945792890e+00
3.405739062500001690e-02 4.269476093750001477e-01 3.437998281250000954e-01 2.349479977063020808e+00
-8.552104687500011737e-02 3.239504843750001806e-01 2.220521718750000373e-01 1.608090042023397226e+00
1.790580156249999000e-01 2.701110781250001258e-01 -5.576671875000049905e-03 2.300860119541158877e+00
-2.526104687500008161e-02 3.736655468750001430e-01 1.065882656249999560e-01 2.198678034017775840e+00
-2.055323437500000683e-02 2.579609843750001463e-01 4.498381093749999060e-01 2.682269420721719477e+00
-2.948303906250000495e-01 1.152809843750001451e-01 6.199706406249999580e-01 2.476752817611092450e+00
1.429961718750000221e-01 3.100168906250002077e-01 1.541876718749999320e-01 2.420651095200380354e+00
-2.607458281250000232e-01 2.402374531250001666e-01 5.203732031249999057e-01 1.937438387249582616e+00
-3.487819218750000116e-01 4.040965156250001522e-01 6.760531093749999609e-01 2.238413353538266648e+00
-3.658242031250000248e-01 4.723153906250001643e-01 5.723712343750000375e-01 2.654965162091785125e+00
1.286844218749998436e-01 5.854339062500014956e-02 1.733531093749999252e-01 2.198308535751681170e+00
-1.963429531250000526e-01 1.738020781250001479e-01 5.937359843749999699e-01 2.328036166056634215e+00
-2.011449218750000489e-01 1.850604218750001306e-01 5.527345156250000890e-01 1.970350691424865852e+00
-1.859857656250000213e-01 1.584193906250001560e-01 4.097792031250000466e-01 1.768788651218886621e+00
-1.439515625000054033e-03 2.895066406250002000e-01 5.050579687499989756e-02 2.291605051557859429e+00
-8.486195312500005583e-02 3.600663593750002001e-01 4.639765468749998956e-01 1.844791871257350557e+00
-2.641354531250000304e-01 4.047653281250001567e-01 4.386844531249999291e-01 2.416629249292230774e+00
-3.247720781250000299e-01 5.222533906250002023e-01 6.367796718749999529e-01 2.408761988895407047e+00
-2.815543593750000628e-01 1.044685156250001468e-01 5.414237656249999420e-01 2.676240494471568088e+00
1.405481093749999522e-01 1.858407031250001451e-01 1.969171718749999633e-01 2.270081927620998030e+00
-3.096129218750000023e-01 5.677326406250001734e-01 7.274227656249998564e-01 2.588022816530784809e+00
-1.575126562500006600e-02 2.644261718750001711e-01 3.470987968749998931e-01 1.950653540735989511e+00
-2.759049843749999953e-01 1.198512031250001386e-01 5.506922968749999869e-01 2.562262221287627817e+00
2.661904687499994093e-02 3.208293593750001227e-01 9.307820312499992532e-02 1.412392559955563343e+00
4.375548437499998666e-02 2.746812968750002026e-01 6.857157812499992122e-02 1.861356736697843850e+00
1.610741718749999496e-01 3.454639531250001672e-01 1.735901562499991835e-02 2.604797832852392414e+00
1.408305781249998834e-01 2.060165468750001505e-01 -1.361215781250000589e-01 2.279632633593878577e+00
1.142785156249999101e-01 3.421198906250001448e-01 5.631826562499991917e-02 2.141279418794164169e+00
-3.389896718750000093e-01 3.677577031250001682e-01 4.807855781250000016e-01 2.599294992925161196e+00
-2.558497031249999942e-01 2.213992343750001424e-01 3.912421406249999567e-01 2.300649264941485583e+00
-4.767023437500000904e-02 2.166060781250001566e-01 2.049289531249999796e-01 1.941756745274477947e+00
1.918070312499986496e-02 1.672254218750001409e-01 1.069024531249999077e-01 2.369806021475457491e+00
5.006395312500000472e-02 1.390238281250001651e-01 9.763392187499986274e-02 2.428320320514342878e+00
1.532592031249999653e-01 3.717705781250001396e-01 -6.747160937500007449e-02 2.457399837667593179e+00
-5.878067187500007895e-02 4.913765468750002086e-01 2.705941406249999792e-01 2.186296429020692766e+00
-1.036932031250000774e-01 4.166924843750001717e-01 2.013157968749998972e-01 2.617561917562295282e+00
-2.824017656250000230e-01 5.373016718750002196e-01 6.044183593749998806e-01 2.328297449476515180e+00
-8.005998437500005949e-02 2.621967968750001932e-01 1.199412343749999277e-01 2.594472430255519768e+00
-3.453922968750000044e-01 3.429001718750002148e-01 7.765931093749998126e-01 2.444731387285609792e+00
-4.616373437500004284e-02 3.523750156250001764e-01 4.022387031250000966e-01 1.846798235021408718e+00
-4.804685937500008386e-02 3.287436406250001664e-01 6.637226562499992655e-02 2.401744420128209878e+00
-1.189085937500011791e-02 1.439284531250001609e-01 2.258224218750000123e-01 2.131660501477115055e+00
-3.893632656250000101e-01 3.183770468750001803e-01 7.770643906249998789e-01 2.693324780484441128e+00
-2.907816718750000362e-01 1.444857968750001553e-01 6.634856093749998962e-01 2.445148297348586297e+00
-3.593274218749999971e-01 4.852457656250001028e-01 5.880806093750000629e-01 2.520190530856381894e+00
9.808364062499996816e-02 3.935069843750001461e-01 -5.820307812500005729e-02 2.282403234560206773e+00
1.345221093749998653e-01 3.821371718750001256e-01 -1.114578593750000512e-01 2.345311675249043493e+00
1.552364843749999279e-01 4.876980781250001562e-01 7.124217187499998216e-02 2.698717794036244566e+00
1.735027968749999205e-01 2.779138906250001595e-01 -4.249370312500005964e-02 2.188203120839613547e+00
-6.094626562500005118e-02 2.892837031250001800e-01 4.548651093749999097e-01 2.024683233763497459e+00
1.035447031249999705e-01 4.354192343750001859e-01 1.516741718749999301e-01 2.146601474704630697e+00
1.123012343749999475e-01 2.850478906250001887e-01 2.531567343749999699e-01 2.537863280098028973e+00
5.778476562499990088e-02 3.911661406250001582e-01 7.070781249999269491e-04 2.249224878984628528e+00
-2.418204218750000245e-01 5.565857656250001728e-01 4.865980468749998566e-01 2.615972400891970029e+00
-2.921940156250000253e-01 5.251515781250001291e-01 5.327836093750000224e-01 2.546075077951699406e+00
-1.178166406250000242e-01 2.868313906250001821e-01 1.741385781249998876e-01 2.368390585565864903e+00
1.187038593749999427e-01 3.087907343750002087e-01 9.747682812499997018e-02 2.160778372374969170e+00
6.089192187499992137e-02 1.690089218750001621e-01 3.290330156249999805e-01 2.604183982747592996e+00
-5.435532812499999089e-02 3.896055781250001293e-01 3.463133281250000417e-01 1.420001327213168407e+00
-3.304214531250000420e-01 2.188354531250001622e-01 5.558763906250000497e-01 2.544072784250431596e+00
8.706735937499987532e-02 2.869428593750001366e-01 -2.301407812500005923e-02 2.210111581407541159e+00
2.577164062499992525e-02 4.376486093750001638e-01 2.636820156249999325e-01 1.541869605355562278e+00
-1.514304218750000541e-01 2.432471093750001589e-01 4.906824843749998388e-01 1.667519135934932173e+00
-3.976110937500004772e-02 3.136953593750001490e-01 1.444478593749998763e-01 1.637447830288982997e+00
-1.324108593750000229e-01 4.460979687500014890e-02 4.438685468749998808e-01 2.613904158577353254e+00
-3.064116093750000047e-01 2.942997968750001858e-01 4.734021718749999996e-01 2.307168986124229715e+00
9.281089062499980891e-02 3.382184843750001835e-01 -1.097298281250000673e-01 2.423119071037263872e+00
1.018498906249998281e-01 1.172874218750001585e-01 9.606298437499993792e-02 2.631107452966751303e+00
-1.600927968750000541e-01 2.944112656250001403e-01 6.388218906250000551e-01 2.455507923987120034e+00
-3.401757812500005862e-02 3.089022031250001077e-01 1.535592968750000287e-01 1.510074602762552676e+00
-8.843989062500001719e-02 3.738884843750001630e-01 1.589004843749999840e-01 2.463586739678263360e+00
-3.662008281249999886e-01 3.180426406250002058e-01 7.973294843750000638e-01 2.456466088128014480e+00
-2.308041406250000149e-01 1.373517968750001539e-01 6.637997968749999034e-01 2.628017741154895504e+00
-3.176162031250000517e-01 3.113545156250001611e-01 5.134610781250000811e-01 2.161516722458796558e+00
-2.772231718750000073e-01 6.142151093750001234e-01 6.697693593749999286e-01 2.347518213589597558e+00
-2.936063593750000145e-01 3.558305468750001532e-01 5.744134531250000286e-01 1.857446782676328567e+00
1.093823906249998812e-01 2.820382343750001408e-01 2.628965468749999701e-01 2.524487199539970472e+00
-2.876745156250000157e-01 4.997367031250001812e-01 6.377222343749999744e-01 1.965230242655925164e+00
-2.993498906250000591e-01 4.895707812500015021e-02 6.600295468750000394e-01 2.675168801885174474e+00
-2.669601406250000641e-01 6.365088593750002355e-01 6.686697031249999590e-01 2.412732155642927090e+00
5.430098437499997210e-02 2.769106718750001250e-01 4.972032812499993515e-02 1.924354975957982328e+00
-2.462457656250000293e-01 2.351098906250001785e-01 7.330781406249999854e-01 2.657553582580128637e+00
-3.477082812500009723e-02 1.061405468750001441e-01 4.063231406249999678e-01 2.516239764218749730e+00
1.861576562499994703e-02 1.360141718750001449e-01 1.416201718749999228e-01 2.410053872313854040e+00
8.141798437499991881e-02 1.804902031250001371e-01 -5.207642187500005626e-02 2.573617397620844294e+00
-1.480407968750001024e-01 5.194666718750001744e-01 4.999510156249999948e-01 2.063206095893109548e+00
1.710926562499992531e-02 1.155039218750001512e-01 1.651842343749999609e-01 2.664225121352726600e+00
-5.849820312500003672e-02 4.316070312500014383e-02 3.472558906249999522e-01 2.556828920593089638e+00
2.859632812499990351e-02 3.015452656250001140e-01 2.238601562499992204e-02 2.164025430012519013e+00
-1.890929218750000418e-01 2.275300156250001649e-01 6.446343593749999101e-01 2.418031667640672122e+00
6.880104687499999372e-02 9.677717187500016471e-02 2.592833906249999432e-01 2.027695063937053455e+00
-2.149858906250000090e-01 1.726873906250001589e-01 4.683751718749999959e-01 1.931469634041388606e+00
-2.846235937500007918e-02 3.164820781250001769e-01 2.616397968749999414e-01 1.125372360230807223e+00
1.167265781249998691e-01 1.889618281250001475e-01 -1.279527031250000391e-01 2.582692044555297883e+00
1.140902031249999560e-01 4.295113906250002112e-01 1.658126093749999197e-01 2.250997926859515719e+00
6.550557812499990806e-02 1.267622656250001478e-01 2.679235468749999738e-01 2.058807339194804076e+00
-1.652713906250000697e-01 1.868439218750001518e-01 5.574473281249999745e-01 2.350331144799237659e+00
1.365935468749999160e-01 5.681785156250002133e-01 1.420914531249999335e-01 2.596917749444943802e+00
-1.786415781250000334e-01 5.500091093750002491e-01 5.552480156250000354e-01 2.155585421889893993e+00
6.908351562499992493e-02 7.927657812500016332e-02 2.185961093749999584e-01 2.072055186056754650e+00
-2.976550781250000277e-01 5.637197656250001465e-01 6.425921406249999190e-01 2.390319073207062939e+00
6.752078124999894015e-03 2.249662343750001570e-01 2.280217343749999515e-01 1.320149532747036503e+00
-9.587823437500003765e-02 5.031922343750001581e-01 4.702602968750000390e-01 2.399694313593228490e+00
1.781164531249999072e-01 3.063384218750001553e-01 -1.409914843750000590e-01 2.478495356083618706e+00
-3.160155468749999974e-01 2.673243593750002089e-01 6.705548281250001130e-01 2.257594063320720323e+00
-3.002914531249999963e-01 3.525979531250001409e-01 6.465194843749999531e-01 1.961325443623465059e+00
1.710547343749999616e-01 2.470370468750001380e-01 1.254395156249999421e-01 2.626567324144748028e+00
-1.873039531250000334e-01 6.263652031250001029e-01 5.285420781249999811e-01 2.569687506676156197e+00
1.183272343749999234e-01 1.933091093750001765e-01 -1.735870312500009671e-02 2.024763370741999413e+00
-2.098609375000060062e-03 2.523875468750001461e-01 3.299755781249998909e-01 1.920261141648985426e+00
-5.492026562500001985e-02 2.173863593750001433e-01 4.429259843749999703e-01 2.603372841333814858e+00
-6.942032812499998595e-02 4.032047656250001277e-01 2.729505468749999775e-01 1.636625083535791614e+00
-2.702556093750000388e-01 3.853697656250001935e-01 5.373393281249999598e-01 1.616079522323250917e+00
-1.804305468750000419e-01 3.411166718750001658e-01 4.284733593749999736e-01 1.178052876359297230e+00
5.863217187499991656e-02 2.017807343750001592e-01 1.207267031249999456e-01 1.948774382401147198e+00
-1.899403281250000020e-01 4.831278593750000794e-01 5.239863593749999326e-01 1.796581999499143656e+00
-1.746870156249999972e-01 2.757959843750001361e-01 4.272166093749998339e-01 1.265837338116424959e+00
1.608858593749998844e-01 1.213002968750001576e-01 8.648026562499994130e-02 2.368630473361477584e+00
-3.189343906250000082e-01 3.542699843750001243e-01 5.332548906249999776e-01 2.130422560621895389e+00
-1.970962031250000357e-01 3.230587343750002116e-01 6.028474218749999558e-01 1.882037334989691280e+00
9.441154687499997422e-02 2.572921718750001974e-01 4.610717187499996372e-02 1.798500978021743357e+00
-2.198820156250000379e-01 1.406958593750001485e-01 5.544625468749999619e-01 2.146511446628098341e+00
-2.013332343750000586e-01 1.555212031250001459e-01 3.851154843750000945e-01 2.137788110183738155e+00
-3.382364218750000262e-01 6.032689062500014993e-02 7.082573281249999742e-01 2.622902367582344407e+00
-1.000211093750000280e-01 4.593850156250001704e-01 4.151203906249998354e-01 1.934275621281086988e+00
1.888502656249998468e-01 2.468141093750001736e-01 2.332857812499994354e-02 2.536335259108359441e+00
1.172915156249999535e-01 8.050273437500013451e-02 1.708396093749999234e-01 2.114043900493326689e+00
1.023585937499998932e-02 3.902743906250001893e-01 1.986452031250000028e-01 1.688873014806867134e+00
-8.561520312500003893e-02 2.678817031250001479e-01 2.399608593750000018e-01 1.636571293429768703e+00
-4.352735937500007424e-02 3.301927343750001853e-01 3.568386093749998933e-01 1.598842426405748807e+00
-3.012330156250000446e-01 5.653917968750002965e-01 6.227983281250000225e-01 2.584059165805233427e+00
-2.630055781250000280e-01 1.564129531250001426e-01 7.233383281250000962e-01 2.611209181661696466e+00
2.223698906249998997e-01 2.721175156250001947e-01 -1.788510781250000625e-01 2.581538310105206069e+00
1.828242656249999820e-01 2.220680468750001746e-01 -1.926753281250000727e-01 2.624633773414277282e+00
-3.336227656250000395e-01 3.368808593750001745e-01 5.593324531250000176e-01 2.277637469730117381e+00
-2.102780781250000453e-01 1.399155781250001618e-01 4.853412968750000500e-01 1.958072433663621714e+00
-3.558436406250000128e-01 3.522635468750001664e-01 6.631714218750000001e-01 2.425842645983202317e+00
-3.833372656250000343e-01 3.305271406250001598e-01 7.902602656249999580e-01 2.617384093742998630e+00
-4.249164062500004890e-02 2.791400468750001584e-01 4.708886718749999423e-01 2.390956070267383105e+00
-7.742360937500009088e-02 3.959592968750001996e-01 1.995877656249999132e-01 2.210491598431464144e+00
1.102297968749998969e-01 4.413270781250002162e-01 1.510457968750000268e-01 2.219850421309099708e+00
2.699567187499984922e-02 5.798604687500014815e-02 2.633678281250000364e-01 2.194079587554735422e+00
-6.241484375000105889e-03 5.325085156250002338e-01 2.638391093749999916e-01 2.191448116082049147e+00
-2.656419531250000521e-01 2.160487343750001343e-01 5.096908281249998840e-01 2.236114997687403072e+00
-1.888104531250000551e-01 4.777773593750002101e-01 5.778695156249999965e-01 2.379782624065807539e+00
2.567748437499994818e-02 1.619863906250001706e-01 1.984881093749999437e-01 1.867237557186655739e+00
1.391357656249999630e-01 5.455503593750001823e-01 1.010899843749999416e-01 2.594808434733583358e+00
-1.454985781250000554e-01 2.977553281250001627e-01 2.820619843749999633e-01 1.903208841021983622e+00
8.829139062499991031e-02 4.901503906250001541e-01 1.398921406249998833e-01 2.040152366198797917e+00
1.450676093749999618e-01 1.641042968750001663e-01 -1.091014531250000530e-01 2.423864030303740424e+00
2.774892187499999885e-02 3.094595468750001577e-01 1.637703906249999286e-01 1.380344874852188708e+00
3.556389062499998310e-02 2.558430781250001229e-01 -7.067656250000498019e-04 2.435045462949930517e+00
-2.236482656250000645e-01 2.511613906250001471e-01 4.905253906250000018e-01 1.687318777862927721e+00
-2.979375468750000144e-01 4.544803906250001191e-01 6.440059843750000068e-01 1.978532422167313287e+00
-3.256194843749999901e-01 3.635218906250001214e-01 6.733825156249999555e-01 2.114983250876056431e+00
-1.858916093750000442e-01 4.078864531250002146e-01 5.326265156250000743e-01 2.018097060822966249e+00
3.550765624999896453e-03 2.018922031250001692e-01 3.416005156249999342e-01 2.145852562463296476e+00
4.281392187499999391e-02 3.041090468750001774e-01 3.136378281249999622e-01 2.165352103262311090e+00
-2.466223906250000208e-01 3.086792656250001432e-01 3.134807343750000141e-01 2.626712680590242321e+00
6.833026562499988632e-02 2.075771093750001517e-01 4.791515624999909129e-03 2.179272334161315605e+00
-1.599986406250000770e-01 5.348493593750001107e-01 4.512519531249999938e-01 2.199472554495560672e+00
-2.389957343749999907e-01 4.159122031250001572e-01 4.432401718749999775e-01 2.205449496337710258e+00
-1.213945781250000411e-01 5.216960468750000413e-01 3.291901093749999285e-01 2.595681688930542297e+00
-5.115401562500010435e-02 2.675472968750001734e-01 2.896024843749999134e-01 1.165861574707016235e+00
-1.358567187500003826e-02 3.532667656250002008e-01 3.782033593749999367e-01 2.094655185265434039e+00
6.710623437499985133e-02 4.250526406250001998e-01 1.846638593749999058e-01 1.773007166378056887e+00
-7.277203125000020201e-03 2.900639843750001390e-01 2.551989531249999610e-01 1.405750845899907731e+00
-1.675311406250000745e-01 2.063509531250001805e-01 2.621110781250000077e-01 2.599886446477164714e+00
5.057265624999918163e-03 2.197272031250001589e-01 3.722337968749999115e-01 2.460983839171657639e+00
7.505328124999988137e-03 4.870292656250000962e-01 1.325087343749999369e-01 2.494749171711345248e+00
8.979789062499987651e-02 3.474703906250001251e-01 4.045179687499989019e-02 2.017413344144953324e+00
-2.073592343750000344e-01 2.293135156250001583e-01 5.461365781249999385e-01 1.566227692144254391e+00
7.859329687499982953e-02 2.059050781250001683e-01 2.017870781249999079e-01 1.668982553265608404e+00
1.298142968749999016e-01 2.260809218750001459e-01 -1.444475468750000824e-01 2.551932100406348880e+00
9.252842187499987769e-02 3.045549218750001619e-01 1.111439843749999490e-01 1.894897795841554711e+00
-3.706261718750000211e-01 6.327189218750001176e-01 7.923024843749999491e-01 2.546563009925488341e+00
-1.041639843750000738e-01 6.333654687500014924e-02 4.490526406250000546e-01 2.296809958132119966e+00
4.290807812499997098e-02 4.934944531250001765e-01 1.279530156249999440e-01 2.543985522826978762e+00
-2.757703125000010580e-03 2.162716718750001821e-01 8.129617187499993403e-02 2.347068347532840438e+00
-1.611285156250000239e-01 6.091990156250001176e-01 4.862838593750000715e-01 2.492044042771567103e+00
1.689832968749999109e-01 2.292020468750001483e-01 -1.156993906250000648e-01 2.520062215449002885e+00
-1.580213593750000589e-01 4.897045156250002251e-01 5.709573906250000608e-01 2.606855071549057712e+00
-3.171454218750000553e-01 2.462567656250001513e-01 5.098479218749999431e-01 2.526105612085977725e+00
-5.510857812500008501e-02 3.512603281250001874e-01 2.709083281249999864e-01 1.318965616536206920e+00
1.713372031249998928e-01 9.577395312500014413e-02 2.014728906249999563e-01 2.471206697857858181e+00
1.310383281249999365e-01 3.941757968750002061e-01 2.058715156249998901e-01 2.397553974522142806e+00
1.099473281249998546e-01 7.760454687500015214e-02 2.288072031249999139e-01 2.149081015956984420e+00
7.284976562499989594e-02 1.527344843750001457e-01 -6.833421875000078582e-03 2.621122989561841088e+00
-1.735192187500012029e-02 2.328805156250001729e-01 4.067944218750000340e-01 2.586523000092620705e+00
6.258673437499984171e-02 1.484986718750001544e-01 1.639274843749999877e-01 2.011028759234097407e+00
-2.455866718750000233e-01 2.731207343750001737e-01 3.343742031249999913e-01 2.463216910845457353e+00
-3.335848437500010810e-02 3.493653593750001840e-01 4.746589218749999173e-01 2.349284932126452397e+00
-1.537843281250000915e-01 3.278518906250001419e-01 2.442023906250000431e-01 2.173669026815022942e+00
-2.865067187500003332e-02 3.855927031250002135e-01 4.578498906249999223e-01 2.573268210347854357e+00
5.458345312500001434e-02 1.620978593750001528e-01 -2.906078125000044476e-03 2.696013415668634394e+00
-2.419145781250000571e-01 2.312084843750001617e-01 3.203928593749999498e-01 2.484332421123343959e+00
8.066473437499988020e-02 1.826081093750001605e-01 2.473442656249998928e-01 1.943828699385012682e+00
-2.485996718750000112e-01 5.466650468750001712e-01 4.942956406249999768e-01 2.562281430378611002e+00
-1.971903593750000128e-01 3.451295468750001372e-01 3.384586406249999735e-01 2.046125590205581712e+00
-3.709086406250000079e-01 1.337847968750001393e-01 6.911341093749999720e-01 2.697973075575979873e+00
-1.846675781250000092e-01 3.316418281250002043e-01 4.242318281249998213e-01 1.195033280012552934e+00
-3.524160937500003810e-02 3.741114218750001830e-01 1.724105468749999592e-01 1.819700085155844915e+00
1.716196718749999350e-01 5.976954687500014851e-02 1.263820781250000191e-01 2.409438462704039718e+00
-3.118726718750000071e-01 3.521520781250001564e-01 6.925479531249998377e-01 2.000196372973400472e+00
7.981732812499986451e-02 5.416489531250001654e-01 1.857635156249999309e-01 2.271893976320426667e+00
-2.269437343750000391e-01 7.125082812500013740e-02 6.012764843749999200e-01 2.597301943655746292e+00
3.208010937499994331e-02 3.157017968750001624e-01 8.915085937500000224e-02 1.425680720218755804e+00
-2.627231093750000968e-01 2.692193281250001569e-01 5.739421718750000734e-01 1.809618662326560212e+00
-1.631057968749999865e-01 1.991054843750001691e-01 3.002848593749999351e-01 2.237772712269597175e+00
-1.999208906250000140e-01 3.257339843750001740e-01 6.449485468750000283e-01 2.341216841129031057e+00
1.343337968749999112e-01 1.075896406250001630e-01 1.182132031249999438e-01 2.224785047993318443e+00
1.459150156249998664e-01 4.851342968750001483e-01 2.097988593749999797e-01 2.633867946198189092e+00
1.173856718749999306e-01 3.051122656250001564e-01 1.150713281249999831e-01 2.147768258949589004e+00
1.362548437499994103e-02 4.754365156250002222e-01 1.596859531249999464e-01 2.335814355874226589e+00
-6.377095312500002944e-02 8.496148437500014583e-02 3.067257031249999155e-01 2.562533155625509096e+00
1.582494843749998603e-01 2.565118906250001274e-01 -1.508883906250000628e-01 2.489336694587598320e+00
-2.100897656250000356e-01 3.675347656250002037e-01 3.500835781249999057e-01 2.253231751896183965e+00
-3.100837031249999987e-01 2.199501406250001512e-01 7.674816718749999378e-01 2.370762471946809669e+00
-3.611163906250000055e-01 4.442252656250001985e-01 7.619833906249999789e-01 2.556806842293237292e+00
-2.532133281250000811e-01 2.423553593750001622e-01 4.256456718749999091e-01 2.162723453574536769e+00
8.367773437499992362e-02 3.757834531250001664e-01 2.036722031250000065e-01 1.898216924713899134e+00
8.838554687499999840e-02 1.937549843750001888e-01 6.134526562499992286e-02 2.163459308886092280e+00
2.190744218749999250e-01 3.365464531250001445e-01 -1.936178906250000664e-01 2.674355081405288992e+00
1.511877656249999147e-01 5.119982656250001707e-01 8.726573437499990371e-02 2.683628634731263229e+00
-2.083949531250000597e-01 1.852833593750001784e-01 6.422779531250000229e-01 2.364956340593904027e+00
-3.423792968750000165e-01 3.909432031250001938e-01 7.106137343749999724e-01 2.235347481010825366e+00
-3.275967656250000082e-01 3.942872656250001606e-01 6.185567968749998702e-01 2.141325302442888656e+00
1.056161406249999102e-01 3.228357968750001916e-01 -7.736851562500007828e-02 2.182238711911933748e+00
-7.723529687500002572e-02 3.873762031250002069e-01 2.743643906249999542e-01 1.592036401796802725e+00
3.904767187499991188e-02 4.240494218750001654e-01 6.967123437499989080e-02 2.175383837383893848e+00
3.471648437499996742e-02 4.390977031250001272e-01 3.075111718749999890e-01 2.094510096420318934e+00
6.846234374999926597e-03 2.404603906250001588e-01 1.736672968749999324e-01 1.529931372646321952e+00
-4.964751562500008264e-02 2.339952031250001618e-01 2.440452968749999840e-01 1.430698884734127541e+00
5.270032812499991781e-02 5.085204687500014670e-02 2.957291406249998866e-01 2.277958672908805049e+00
1.602267656249999339e-01 2.190583906250001545e-01 2.361906093750000268e-01 2.573593646207946506e+00
-2.047228593750000103e-01 3.948223437500014699e-02 4.363280468749999308e-01 2.675644483837226861e+00
7.275560937499991887e-02 1.834998593750001572e-01 1.084733906249999436e-01 2.121878928490235072e+00
7.087248437499993337e-02 4.625061406250001173e-01 2.151400468749998796e-01 1.852778138241908179e+00
4.563860937499997217e-02 2.713372343750001248e-01 1.241827656249999690e-01 1.415458234868587573e+00
1.367818593749998701e-01 1.196282656250001464e-01 6.024560937499995328e-02 2.647056608380142784e+00
-1.126380468750000641e-01 5.921220312500014710e-02 4.159058593750000199e-01 2.508043138048269061e+00
-2.216709843750000464e-01 6.098678281250001776e-01 6.495042656250000768e-01 2.624539084038966408e+00
-1.019604687500008655e-02 1.285457656250001413e-01 2.888170156249999510e-01 1.839588322119823705e+00
-2.812718906250000206e-01 3.071187031250001698e-01 4.132352656249999034e-01 2.315062169813304038e+00
-3.213824531250000227e-01 2.974209218750001327e-01 8.045557968750001177e-01 2.548000864896037942e+00
2.232172968749999153e-01 2.472599843750001303e-01 -3.055457812500006476e-02 2.573198317752408926e+00
-1.169692343750000640e-01 2.072427031250001772e-01 2.779775468749999812e-01 1.946290961792301877e+00
7.237898437500001059e-02 4.792264531250001736e-01 1.246540468749999797e-01 2.198042629219691513e+00
-2.441743281250000619e-01 2.945004687500014581e-02 5.275995156250000706e-01 2.632167852145359532e+00
1.385171874999868713e-03 2.362245781250001397e-01 1.103585156249999311e-01 1.987628099818387950e+00
1.191746406249999390e-01 3.682035781250001527e-01 2.591262968749999951e-01 2.263945541225963254e+00
-3.622462656250000079e-01 2.671014218750001334e-01 5.912224843749999126e-01 2.595128356804660363e+00
-2.915349218750000193e-01 3.118003906250002011e-01 5.308984843749998683e-01 1.893335120637799740e+00
-7.158592187500006920e-02 4.028703593750001533e-01 4.562789531249999975e-01 2.316657323469073493e+00
-2.206352656250000766e-01 4.074405781250001746e-01 4.093079218749999804e-01 2.209505624173135452e+00
1.562722031250000088e-01 4.181415781250001906e-01 -1.578776562500006087e-02 2.621904915918045198e+00
-2.426678281250000402e-01 1.487216093750001467e-01 5.967207656249999825e-01 2.076897569494608575e+00
2.759447968749998426e-01 2.338837343750001518e-01 -1.603140156250000836e-01 2.556785381278607883e+00
-1.815604218750000443e-01 1.516197968750001568e-01 5.992342656249999289e-01 2.686729786391921060e+00
-9.945617187500011003e-02 2.335493281250001496e-01 2.661955156249999899e-01 1.642035581800504573e+00
1.496812656249999485e-01 5.134473593750001896e-01 1.641645312499995235e-02 2.653343553314307268e+00
-3.318337968750000311e-01 5.571431093750002228e-01 7.054296406250000206e-01 2.225056574883116589e+00
-9.879707812500004849e-02 1.930861718750001566e-01 4.045951093749998728e-01 1.790709105114948629e+00
-8.646260937500011012e-02 4.282852343750002122e-01 3.262053281249999159e-01 1.606460225480937476e+00
-2.715737968749999953e-01 1.188479843750001597e-01 4.778007968749999890e-01 2.637964827704311954e+00
-1.676252968749999961e-01 4.017556718750001643e-01 4.880118906249999444e-01 1.705242252212091136e+00
2.718398437499991438e-02 3.101283593750001621e-01 3.849583906249998133e-01 2.380267731351444205e+00
-2.881452968750000121e-01 5.420948281250002054e-01 5.345116406250000063e-01 2.581779396816983763e+00
-3.109873437499999227e-02 5.079853906250002549e-01 2.308494218750000160e-01 2.317782408435978603e+00
-3.364474531250000178e-01 2.280873593750001593e-01 5.645165468749999693e-01 2.478304151073136286e+00
-3.195934843750000143e-01 1.682286406250001753e-01 7.060580156249999240e-01 2.581044858151474664e+00
2.388851562499993975e-02 2.970865156250001582e-01 9.370657812499999517e-02 1.577777599568761513e+00
6.469609374999907292e-03 3.841436093750001946e-01 2.421601718749999410e-01 1.309536696262088684e+00
-8.683923437500007392e-02 4.485725468750001443e-01 5.034070781250000737e-01 2.669528825838428876e+00
-1.040698281250000412e-01 4.200365468750001940e-01 4.265882343749999306e-01 1.723281478340896955e+00
2.465680468749998910e-01 3.121347968750001756e-01 -1.824642343750000895e-01 2.666388271830123724e+00
-2.937005156249999915e-01 2.795859218750001429e-01 5.343545468749999472e-01 1.939514146243854542e+00
-3.262785781250000516e-01 4.131254843750001848e-01 7.145410781250000065e-01 2.462802831232095091e+00
-3.474637343749999996e-01 4.214856406250002130e-01 6.823368593749999933e-01 2.170600074236559429e+00
-1.433329843750000276e-01 2.178322343750001555e-01 2.867747968749999599e-01 2.004567738134232169e+00
1.637105468749998627e-01 3.299697968750001098e-01 -7.579757812500007019e-02 2.293059490749016938e+00
-1.450277968750000590e-01 2.835987968750001698e-01 5.313697656249999346e-01 1.617166823758567906e+00
-3.525481718749999827e-01 6.438657968750001181e-01 7.875896718749999525e-01 2.669079082871261832e+00
-1.434271406250000602e-01 1.618749218750001606e-01 4.627197968749999779e-01 1.970864483576947768e+00
1.152200781249999029e-01 1.768117343750001680e-01 2.790772031249999507e-01 2.604488723304259068e+00
-5.557935937499997037e-02 1.524000781250001435e-01 2.126265468749999332e-01 2.565160012300047754e+00
-1.069886718750000520e-01 1.707924218750001555e-01 2.655671406249999755e-01 2.333144250199096437e+00
-2.502944843750000148e-01 3.898285156250001493e-01 6.103879218749999058e-01 2.083735531062739899e+00
6.032698437499994792e-02 3.472474531250001606e-01 1.940894843750000098e-01 1.629740472426403519e+00
-2.885219218750000314e-01 4.055456093750001711e-01 4.749731093749999244e-01 2.373125519538846540e+00
-1.231835468750000495e-01 4.149089843750001783e-01 4.829848906249999407e-01 2.127381862970491699e+00
1.957236718749998383e-01 3.293009843750002164e-01 -1.438191718750000681e-01 2.452936055940628801e+00
-5.567351562500011397e-02 4.317407656250001891e-01 3.832303593749999404e-01 1.972765852630555372e+00
-1.942335937500005993e-02 7.437195312500013977e-02 2.605401406249999718e-01 2.509702692628408283e+00
1.240707656249999680e-01 2.473714531250001680e-01 9.684845312499990033e-02 2.148569052812217439e+00
-1.907877343750000732e-01 9.844920312500014814e-02 3.815023281249999565e-01 2.604427160413867792e+00
-1.150861093750000230e-01 4.411041406250001962e-01 3.668926093750000117e-01 1.683446626636720289e+00
1.694540781249999073e-01 1.722415156250001744e-01 1.202554218749998793e-01 2.523490887207780808e+00
7.106079687499988751e-02 3.609581093750001690e-01 1.380070156249999513e-01 1.740734980945941812e+00
-2.883898437500009848e-02 5.230114062500014482e-02 4.058518593750000125e-01 2.605145452443818233e+00
-1.373069843750000518e-01 3.686494531250001927e-01 2.010016093749999455e-01 2.616795160805907905e+00
-2.836257968750000025e-01 2.290905781250001383e-01 6.795091718750000398e-01 2.105685178449506978e+00
-1.669662031250000456e-01 4.648469843750001607e-01 3.945411093749999765e-01 2.168574473166230643e+00
-1.655538593750000564e-01 2.924048281250001824e-01 3.073540781249999299e-01 1.984778086334013869e+00
1.798112656249999386e-01 1.438169843750001509e-01 1.158567968749999455e-01 2.591399298137958329e+00
-4.625789062500007542e-02 4.733186093750001988e-01 3.427001718750000148e-01 2.047368502845243743e+00
-4.955335937500005006e-02 4.479037343750001954e-01 2.231518281249998958e-01 2.126594187747691933e+00
-1.340115156250000772e-01 3.264027968750001230e-01 3.442711093749999396e-01 1.218818898083193103e+00
-4.221296406249999689e-01 5.021890156250001791e-01 7.168974843750000048e-01 2.647569933972088840e+00
-3.013271718750000217e-01 3.654168593750001803e-01 6.190280781249999364e-01 1.904011656778719530e+00
-2.268495781250000343e-01 2.271956093750001626e-01 5.510064843749998831e-01 1.760013790925626154e+00
9.143906249999833591e-04 4.368683281250002048e-01 3.863722343749999011e-01 2.593448147278288207e+00
-1.973786718750000779e-01 3.688723906250001572e-01 2.852038593749999240e-01 2.612526693340006645e+00
-7.328073437500004506e-02 5.007176562500014610e-02 3.968975156249999747e-01 2.323754598977008978e+00
1.163499531249998498e-01 1.276540156250001445e-01 9.904776562499995052e-02 2.374282507312448498e+00
-3.439420312500002241e-02 1.338962656250001770e-01 2.376044531250000036e-01 2.349567181543986027e+00
-4.037968750000842100e-04 5.984980156250001571e-01 2.321061718750000447e-01 2.655209616493448443e+00
-1.419206406250000385e-01 4.173612968750002317e-01 3.210212343749999642e-01 2.128876815864899186e+00
1.069343281249999222e-01 3.339826718750001922e-01 4.595007812499990463e-02 2.056418128683990432e+00
1.086291406249999536e-01 4.079979218750001690e-01 2.132549218750000031e-01 2.185444591286380689e+00
-9.983279687500001831e-02 3.578369843750001111e-01 2.490722968749999877e-01 1.799202571383890836e+00
-2.568854218750000196e-01 5.597960937500014861e-02 5.337261718750000439e-01 2.584112481218534096e+00
-2.015215468750000127e-01 3.636333593750001869e-01 4.580069843749999814e-01 1.337516747760246982e+00
1.820710156249998324e-01 1.940893906250001633e-01 1.406004687499995409e-02 2.645479587065856286e+00
1.429020156249998230e-01 4.414385468750001151e-01 1.738243906249999360e-01 2.555469681690453854e+00
-3.379539531249999840e-01 3.549387968750001288e-01 6.366225781249998938e-01 2.264386120352183340e+00
-1.997325781250000043e-01 3.930611093750002172e-01 3.819736093750000228e-01 2.094511368332912404e+00
1.777398281249998879e-01 1.906338593750001587e-01 -1.464897656250000457e-01 2.552505829568499252e+00
-2.103722343750000778e-01 1.256475781250001589e-01 5.631027031249998815e-01 2.350105544933246193e+00
-4.428060937500005734e-02 1.177332968750001568e-01 4.339716406250000436e-01 2.697320701454188008e+00
-5.237804687500008383e-02 2.601903593750001797e-01 2.055573281249999384e-01 1.559915974882174705e+00
-5.623845312500003191e-02 1.853948281250001606e-01 4.369564218750000562e-01 2.556562234495121988e+00
-1.071769843750000617e-01 3.802422031250001777e-01 4.267453281249998787e-01 1.471389599046443841e+00
8.352734374999948308e-03 2.732322031250001837e-01 1.700541406249999610e-01 1.283728277271390716e+00
-1.943656718750000900e-01 5.123326718750000897e-01 4.239176406250000362e-01 2.447465292430761163e+00
-3.276909218750000408e-01 4.963926406250001588e-01 7.179971406250000854e-01 2.390987939448885324e+00
-2.761874531250000375e-01 6.131004218750001344e-01 6.408641093750000461e-01 2.541715210900037381e+00
2.038211093749998648e-01 2.226253906250001691e-01 -8.883635937500006241e-02 2.441832288275154195e+00
-2.218592968750000560e-01 3.352088281250001911e-01 4.269024218750000488e-01 1.573257441383911770e+00
3.245673437499985159e-02 4.431105781250002096e-01 1.761807968749999342e-01 1.950843921609755727e+00
2.492423437499990957e-02 3.791275156250001888e-01 2.464017031249998713e-01 1.310526713245104391e+00
-2.291093281250000391e-01 1.441513906250001531e-01 6.293962656249999510e-01 2.415643670119112851e+00
-3.710969531250000175e-01 2.478173281250001525e-01 7.605695468750000021e-01 2.614860163111994318e+00
-2.750575781249999796e-01 1.286572343750001512e-01 4.528228906249999186e-01 2.681537186993187660e+00
-2.816485156250000399e-01 1.644387031250001685e-01 6.107021093750000240e-01 2.082607323806754618e+00
-2.260963281250000512e-01 1.985481406250001468e-01 6.702406406249999948e-01 2.369964192961320659e+00
1.122070781249999705e-01 3.190458593750001293e-01 2.291213906250000321e-01 2.312288191317625419e+00
3.594051562499989139e-02 3.290557812500014695e-02 2.509574218749999197e-01 2.474669146422086463e+00
1.110772031249999126e-01 1.683401093750001576e-01 6.872867187499998032e-02 2.315029010002111587e+00
-2.412554843749999955e-01 2.168290156250001488e-01 4.642907343750000138e-01 2.065937823074239788e+00
-3.035869218750000265e-01 1.293260468750001557e-01 6.850074531249998877e-01 2.572218231281395706e+00
-1.748753281250000069e-01 1.984366718750001646e-01 3.232205468749999033e-01 2.120605532071870414e+00
-2.515185156249999943e-01 2.784712343750001540e-01 3.917134218750000230e-01 2.080462303862141926e+00
-1.226748437500008171e-02 2.298708593750001528e-01 2.171822656249998706e-01 1.530534580824385538e+00
1.569692187499993619e-02 3.918349531250002182e-01 2.725592187499997765e-02 2.489942178674568130e+00
1.567429843749998941e-01 4.388747656250001627e-01 1.138145781250000099e-01 2.678533986404794121e+00
-2.780705781250000230e-01 3.643021718750001914e-01 5.576044218749999226e-01 1.703156517247041091e+00
-3.468046406250000491e-01 2.109211718750001741e-01 7.750221718749998878e-01 2.595189943783731135e+00
-2.595217968749999882e-01 3.298583281250002108e-01 6.140010781249999328e-01 1.676208378586707459e+00
4.714510937499993837e-02 4.932715156250002120e-01 2.627394531249999110e-01 2.282182431551518231e+00
-8.297882812500001481e-02 4.766626718750001102e-01 5.026216093749998892e-01 2.665789751495664106e+00
1.306054687499991207e-02 1.717956406250001622e-01 9.857648437499993976e-02 2.440373515946128169e+00
-1.458752031250000192e-01 3.839206718750001190e-01 5.051351093749999466e-01 1.930395894094957931e+00
-2.983141718749999782e-01 1.092616718750001464e-01 7.418753906249999641e-01 2.552673742389674150e+00
-7.732945312500005830e-02 2.837102656250001242e-01 5.670300468749999157e-01 2.629131202788712596e+00
-7.780023437500005468e-02 5.153423281250002486e-01 3.012274218749999566e-01 2.329347090841275225e+00
-3.693079843750000091e-01 2.504925781250001426e-01 8.708493593749999651e-01 2.636712286999972399e+00
4.818082812499990819e-02 4.013097968750001798e-01 3.376731718750000111e-01 2.331681618747535545e+00
-1.160839062500013119e-02 2.256350468750001614e-01 2.716937968749999488e-01 1.253072372246023747e+00
-7.186839062500000042e-02 3.515947343750001064e-01 1.567011718749999338e-01 2.149080173986418263e+00
-3.670482343750000043e-01 4.771085468750001501e-01 7.172116718749999009e-01 2.405517680666427793e+00
-1.893753906250000285e-01 4.609455781250001993e-01 4.493668281249998397e-01 1.889038423223236673e+00
1.484951562499992050e-02 2.727863281250001437e-01 1.196270468749999760e-01 1.651096112194732068e+00
-3.926587343749999848e-01 3.922808281250001472e-01 8.006284531250000835e-01 2.675650736579613387e+00
-2.407847031249999992e-01 3.925037656250001672e-01 5.753560156249999391e-01 1.824925740344081726e+00
-1.957780156250000236e-01 1.559670781250001581e-01 4.316152343749999343e-01 1.843533497653942366e+00
3.716454687499992637e-02 4.272820156250001777e-01 2.841042031249999544e-01 1.754652585049831792e+00
-3.395546093750000383e-01 4.545918593750001846e-01 6.339519843749999994e-01 2.095769306386368047e+00
4.554445312499999510e-02 3.369923281250001845e-01 2.174964531249999888e-01 1.473676500237644849e+00
-1.273264218750000398e-01 2.405718593750001688e-01 3.389299218749999287e-01 1.099946063946651398e+00
1.950645781249998878e-01 4.483273437500014807e-02 9.794810937499998094e-02 2.613330040415991373e+00
-3.761813906250000006e-01 5.067592343750001449e-01 6.506039218749999353e-01 2.510526901353024698e+00
5.354773437499993349e-02 2.314314218750001539e-01 3.337458281249998659e-01 2.524955569361904129e+00
2.552968749999773301e-04 5.157882031250002886e-01 2.974571718749999816e-01 2.433794791373497191e+00
-1.841967968750000129e-01 2.987585468750001971e-01 4.440256406250000509e-01 1.242964875062989805e+00
-3.825840156249999957e-01 3.888252968750001703e-01 6.606579218749999427e-01 2.642758510691889828e+00
-2.534016406250000353e-01 3.260683906250001485e-01 6.773098593749999896e-01 2.154972939556573763e+00
-2.042520781250000139e-01 8.284357812500015017e-02 5.365538593749999974e-01 2.406783661378838257e+00
2.542888593749998982e-01 2.327690468750001629e-01 -1.061166718750000681e-01 2.572517187134547800e+00
-2.806127968750000146e-01 6.074155156250001797e-01 6.923908593750000007e-01 2.471525186197072177e+00
-2.275086718750000125e-01 2.728977968750001537e-01 3.321748906249999411e-01 2.297624317634675783e+00
-2.463399218750000341e-01 3.499227031250001785e-01 3.405008593749999646e-01 2.567793051057476905e+00
-1.057646406250000171e-01 2.778024218750001495e-01 2.068140781249999116e-01 2.126651103515783348e+00
1.320740468749999064e-01 4.162466093750001317e-01 2.831616406249999329e-01 2.560169037001116532e+00
4.582692187500003733e-02 4.010868593750001598e-01 1.021265624999934118e-03 2.439952250053018634e+00
-1.581155156250000360e-01 3.649709843750001403e-01 4.196761093749998839e-01 1.184347994661261172e+00
-2.182813593750000392e-01 2.454764843750001646e-01 4.474817031249999078e-01 1.771761759236807121e+00
1.675709531249999218e-01 1.262049218750001534e-01 9.182145312499989664e-02 2.442310592761422150e+00
-1.111315468750000424e-01 3.978542656250001475e-01 2.401179531249998389e-01 2.270933486841818727e+00
-2.581094531249999990e-01 4.746562343750002633e-01 5.822681406249998748e-01 1.795154587715673378e+00
9.158685937499988494e-02 3.624072031250001880e-01 1.878057343749999775e-01 1.961891100742784388e+00
-3.686488906250000031e-01 3.359891093750001501e-01 6.443201718750000140e-01 2.574651732647236013e+00
-1.917292968750000104e-01 1.530688906250001480e-01 4.231321718749998517e-01 1.823921135761080503e+00
-2.250606093750000536e-01 3.210522968750001982e-01 6.532745156249999408e-01 2.131560934833212961e+00
-5.294298437500011278e-02 2.546169218750001795e-01 1.106727031249999382e-01 2.360832609109260627e+00
-2.451158906250000269e-01 2.560660156250001984e-01 4.397841093749998986e-01 2.019551461677473014e+00
4.526198437499995286e-02 5.069821718750001649e-01 8.475223437499990187e-02 2.603498021686030839e+00
2.803139062499993006e-02 1.284342968750001590e-01 2.404321406249999571e-01 1.780606609302423315e+00
-1.564207031250000601e-01 2.460338281250001591e-01 4.016103281249999712e-01 1.209685640531231066e+00
-1.056704843750000955e-01 3.434575156250001537e-01 1.222976406249998704e-01 2.688245386242992474e+00
-1.952130781249999947e-01 6.054090781250002218e-01 5.654591093749999908e-01 2.269013226681229511e+00
-1.195114531250000556e-01 1.890732968750001575e-01 3.981542656250001144e-01 1.736298911539146284e+00
-1.944598281250000116e-01 4.687483906250001220e-01 4.677467968749999816e-01 1.881102906758600257e+00
-2.668659843749999760e-01 2.222909843750001391e-01 6.306530156249998686e-01 2.043875856981810735e+00
-1.727097343750000347e-01 2.633114843750001821e-01 6.158862031249999758e-01 2.198812892012581344e+00
9.459985937499992836e-02 4.164695468750002072e-01 4.312239062499995113e-02 2.338550975598921777e+00
-1.372128281250000748e-01 2.859396406250001577e-01 5.948356406249999395e-01 2.285645095218322709e+00
-1.940832031250000478e-01 3.022140781250001740e-01 3.624939843750000223e-01 1.844269564267959405e+00
-3.560319531250000225e-01 5.570316406250001018e-01 6.878351406249999522e-01 2.594117689169594065e+00
1.268392187499994828e-02 5.035266406250001880e-01 3.029554531249999405e-01 2.484867797510557086e+00
2.652489062499996386e-02 1.809360781250001493e-01 1.447620468749999945e-01 2.105857062426753856e+00
1.574020781249998446e-01 3.540470468750001598e-01 -6.700032812500006374e-02 2.391313659811336478e+00
-2.712913281250000086e-01 3.455754218750001772e-01 6.022190468750000525e-01 1.764866383236045611e+00
-1.559499218750000638e-01 4.412156093750001506e-01 4.481100781250000331e-01 1.500902020414256244e+00
-2.151742031250000187e-01 6.300436718750002107e-01 6.264114843749999384e-01 2.422556782798409358e+00
-2.895576406250000012e-01 5.391966406250001675e-01 5.816397656249999715e-01 2.582368321941312495e+00
1.008141718749999693e-01 2.114785156250001408e-01 1.435052968750000213e-01 1.885858100039828678e+00
1.120187656249999053e-01 2.414636093750001655e-01 -8.805089062500004449e-02 2.339575592811560245e+00
-3.011388593750000120e-01 5.706308281250001002e-01 7.041728906249998809e-01 2.430655148055474779e+00
-1.486057343750000204e-01 2.897295781250001645e-01 3.480413593749999146e-01 1.443292870284934581e+00
-1.462518281250000940e-01 1.982137343750001446e-01 3.871577031249999745e-01 1.527647339995254816e+00
-3.719443593750000332e-01 6.420822968750000692e-01 7.792637031250000401e-01 2.686928681079768122e+00
-2.804244843750000049e-01 5.600412968750002607e-01 6.813942968749999718e-01 2.420170044363284312e+00
-1.531252343750000300e-01 5.851217656250001786e-01 5.274424218749999005e-01 2.455881190245290835e+00
-2.167748593750000174e-01 1.810475468750001315e-01 6.213844843749999347e-01 2.204763702416096649e+00
-2.319340156250000728e-01 2.886148906250001756e-01 5.891802656249999215e-01 1.564776441255606665e+00
-3.772171093750000259e-01 4.169154218750001362e-01 6.872067656250000489e-01 2.461285937699229986e+00
6.390492187499996479e-02 2.396801093750001721e-01 6.362453124999944976e-03 2.007753852632700564e+00
1.606033906249999532e-01 3.945102031250001806e-01 5.105703124999971809e-03 2.647025782356973167e+00
2.435929687499993612e-02 3.026599531250001585e-01 3.062544218749999603e-01 1.951965014606246163e+00
2.530085937500003990e-02 3.620727968750001580e-01 2.128635937499989694e-02 2.221222227988883358e+00
4.224898437499990944e-02 1.519542031250001590e-01 3.521257968749998968e-01 2.675863097103542199e+00
-2.958661093750000193e-01 1.885159531250001630e-01 4.908395781250000089e-01 2.654520942842081954e+00
7.411171874999900044e-03 4.658502031250001951e-01 2.889741093750000100e-01 1.915564324331896051e+00
1.644637968749999013e-01 1.351224218750001482e-01 -1.149139218750000746e-01 2.502345806900926117e+00
-3.767463281250000295e-01 3.564993593750001577e-01 5.871380468749999304e-01 2.671748219987346573e+00
-3.810775156250000295e-01 3.995262968750001864e-01 7.553854531249999393e-01 2.429548698224901937e+00
-6.160535937500000170e-02 4.576015156250001770e-01 1.884341093749999363e-01 2.577760472394800217e+00
-1.105666093750000134e-01 4.539230468750001246e-01 3.705057656250000386e-01 1.703101539883386417e+00
1.682679687499993859e-02 4.543689218750002201e-01 3.260482343749999679e-01 2.276250889901358931e+00
9.893104687499998384e-02 2.464797031250001713e-01 3.090821093749999138e-01 2.693697014731235129e+00
1.211898437499991932e-02 4.125681406250001904e-01 2.908592343749999420e-01 1.476846403113630579e+00
5.608995312499998054e-02 3.524642187500014179e-02 2.470300781249999966e-01 2.313015778195266048e+00
7.256729687499985371e-02 2.163831406250001643e-01 -7.124185937500007726e-02 2.480158758730542257e+00
4.356717187499992150e-02 3.988574843750001819e-01 3.353967187499995450e-02 2.210931143500714846e+00
1.004754687499992416e-02 3.801307343750001677e-01 4.720682812499993330e-02 2.318238961417190325e+00
-1.173458593750000278e-01 1.472725156250001555e-01 4.080511718749998407e-01 1.963133010174986648e+00
-6.217029687500003066e-02 3.266257343750001985e-01 4.074227968749999373e-01 1.563708988485399409e+00
4.752173437499984665e-02 3.267372031250001529e-01 1.189986718749999062e-01 1.665848870565837192e+00
-7.375151562500009694e-02 2.751271718750001316e-01 2.869318906249999079e-01 1.140956575353047286e+00
-1.711090781250000359e-01 1.077011093750001453e-01 4.140207343749999769e-01 2.161156707564572343e+00
-1.045406093750000376e-01 1.569702968750001648e-01 2.828474531249999258e-01 2.266366600542485177e+00
-2.427619843749999895e-01 4.189218593750001496e-01 6.284537031249999295e-01 2.424790542130657478e+00
-1.412615468750000880e-01 2.265267968750001581e-01 4.083653593749999589e-01 1.460163501247822460e+00
1.851781718749999639e-01 1.233067343750001571e-01 -1.221402343750000452e-01 2.678343674899939408e+00
1.564605156249998519e-01 3.806880781250001622e-01 6.731482812499994806e-02 2.607431029415116619e+00
1.524117968749999497e-01 2.799203281250001174e-01 1.656555156250000271e-01 2.615711388192444975e+00
-2.111817187500003579e-02 4.841310781250001138e-01 2.699657656249999649e-01 1.892427034393852736e+00
-3.580654687500006705e-02 1.129401406250001572e-01 3.906137656250000534e-01 2.340308788663166162e+00
-2.897459531250000109e-01 3.261798593750001585e-01 3.816594218750000156e-01 2.535606131287525766e+00
-1.595278593750000806e-01 2.189469218750001722e-01 4.727737968749999853e-01 1.688503245118451845e+00
1.650287343749999858e-01 2.571807031250001874e-01 -1.205692968750000926e-01 2.511319382128902156e+00
-7.845932812500000519e-02 2.668784843750001690e-01 5.609033906250000534e-01 2.609901597389295169e+00
1.558955781249998784e-01 4.221544531250001620e-01 1.752382343749999682e-01 2.668499213385061353e+00
-1.201705468750000616e-01 3.381070156250001735e-01 5.272853281249999524e-01 1.970180604215313158e+00
6.588220312499992737e-02 1.910797343750001709e-01 1.705254218749999717e-01 1.516503313752736615e+00
-4.324489062500003200e-02 5.527958281250000550e-01 2.556702343749999162e-01 2.586172425119135365e+00
1.519410156249998423e-01 3.687609218750001472e-01 1.683261093749999215e-01 2.574661283589089411e+00
1.246357031249999414e-01 3.291895156250001508e-01 3.275420312499999209e-02 2.226314037810610102e+00
1.171973593749998654e-01 7.392607812500015529e-02 2.435740156249999178e-01 2.354075649947081850e+00
1.095707031249999464e-01 5.535761093750001249e-01 1.867060781249998969e-01 2.662197137960761406e+00
2.068720312499988667e-02 6.010395312500015075e-02 2.394895781249999356e-01 2.475774051216876437e+00
7.708679687499986333e-02 1.599799531250001572e-01 5.741792187499999978e-02 2.304736785248702624e+00
5.044057812499991300e-02 3.406707968750001259e-01 3.907708593750000015e-01 2.699333759590949011e+00
-1.425797343749999890e-01 3.354317656250001556e-01 3.632794531249998737e-01 1.230793559703918794e+00
-4.075354218750000257e-01 5.783221718750002349e-01 7.663820156250000792e-01 2.684969053604431277e+00
-1.884338281250000358e-01 1.322242343750001381e-01 4.881689843749998925e-01 2.184878542794369327e+00
-2.854147656250000109e-01 3.592860781250001856e-01 4.724596093749998671e-01 2.059329420556041956e+00
-2.024631093750000055e-01 2.111441093750001385e-01 5.929505156250000075e-01 1.957282341268650194e+00
-1.621642343750000492e-01 3.356547031250001201e-01 2.118410781249999153e-01 2.553740201663689202e+00
-1.775117031250000310e-01 2.993158906250001916e-01 3.524399843750000150e-01 1.751212804931221667e+00
1.203045156249998859e-01 3.989689531250001919e-01 1.953462343749999830e-01 2.291153847091383700e+00
9.949598437499995729e-02 4.142401718750001738e-01 2.819048906249999042e-01 2.235798235693385649e+00
-1.762876718750000515e-01 1.675598281250001431e-01 4.939814531249999696e-01 1.956548155426366398e+00
-1.968137343750000490e-01 1.751397031250001568e-01 3.514974218749999935e-01 2.261483675556850148e+00
-6.113457812500011634e-02 1.257590468750001689e-01 2.946294843749999171e-01 2.311161155564906533e+00
-2.196937031250000283e-01 2.627541406250001321e-01 4.701032031249999799e-01 1.697192181134717925e+00
-5.096570312500003919e-02 2.852708281250001532e-01 1.898479531249999686e-01 1.640029963835474502e+00
-3.938448437500008392e-02 2.888378281250001400e-01 3.755327656250000423e-01 1.812914666924401619e+00
-4.484554687500008630e-02 4.312948906250002046e-01 3.758469531249998274e-01 1.993190454850044091e+00
1.027914531249999319e-01 1.935320468750001410e-01 -7.972492187500004879e-02 2.425549020353980456e+00
5.622203124999947121e-03 3.037746406250002029e-01 2.368189843749999302e-01 1.373361959280573918e+00
-4.870595312500014540e-02 3.058925468750002263e-01 2.212667031249999638e-01 1.268625275761621873e+00
-3.743924218749999921e-01 2.988700156250001516e-01 7.109279218749999796e-01 2.612621189911772834e+00
2.049509843749999227e-01 2.264153281250001482e-01 -1.233170312500009302e-02 2.665580959216898638e+00
-4.089098437500010563e-02 4.943862031250002009e-01 2.781346406249999292e-01 2.077757731006603326e+00
4.422626562499987202e-02 3.723279218750001895e-01 -4.987710937500006159e-02 2.615650436236685028e+00
-3.146032031250000083e-01 5.058674843750001759e-01 7.234954218750000443e-01 2.571547001085014550e+00
-2.628172656249999628e-01 1.161727343750001556e-01 4.723025156250000300e-01 2.567861121983961770e+00
7.190820312499990319e-02 3.849238906250001535e-01 3.450565781249999020e-01 2.659674585575637185e+00
1.074992656249998957e-01 2.086917968750001684e-01 1.955832812499991302e-02 1.996735316109188085e+00
-1.610343593750000468e-01 2.979782656250001271e-01 4.812568593750000678e-01 1.055224952231057500e+00
-5.520273437500006208e-02 3.567222968750001777e-01 3.899853906249998170e-01 1.738995430989694002e+00
-3.695904531249999958e-01 3.737770156250002085e-01 6.064605781249998717e-01 2.577392077597981501e+00
-6.979695312500006077e-02 1.379091406250001484e-01 3.694061093749999580e-01 1.824757136537822566e+00
-1.223361406250000338e-01 6.835264062500015503e-02 4.748160156249999764e-01 2.374349694373347752e+00
1.039213281249998788e-01 1.429252343750001542e-01 2.365047968749999230e-01 2.091818432742787781e+00
-1.247842031250000483e-01 3.573911093750001822e-01 5.194306406249999952e-01 2.030961403149480482e+00
9.234010937499992355e-02 2.317658281250001562e-01 2.808052343749999347e-01 2.352535502775524368e+00
-2.943596093750000531e-01 1.987710781250001668e-01 6.177713281250000188e-01 1.998434914898088666e+00
8.650242187499990187e-02 4.998481718750001357e-01 1.687973906249999323e-01 2.036539039831183562e+00
-3.018921093749999951e-01 5.272694843750002081e-01 6.944330781249999918e-01 2.375717895302447147e+00
-1.142007812500006603e-02 1.470495781250001632e-01 2.033580156249998883e-01 2.303048967884728349e+00
-1.845734218750000877e-01 4.676337031250001885e-01 4.110359531249999643e-01 2.217185635428082779e+00
-5.388454687500010554e-02 2.122587968750001552e-01 1.178990156249999366e-01 2.653191727885421347e+00
-8.439117187500005945e-02 2.381195468750001432e-01 4.155916718749999017e-01 1.994533024143004818e+00
1.270837656249999004e-01 1.050258593750001412e-01 1.802652343749999719e-01 2.036480510091561946e+00
2.850217187499992644e-02 4.454514218750001975e-01 1.632991093749999179e-01 2.116582477682827701e+00
-2.910641406250000229e-01 3.660856718750001848e-01 5.161316718749999755e-01 1.850034566661762137e+00
-2.475639531250000136e-01 3.337597343750002277e-01 3.505548593749999720e-01 2.390239774532330053e+00
1.058044531249998643e-01 3.869303281250001669e-01 7.305015624999910973e-03 2.293729088069863753e+00
9.482609374999895202e-03 4.226003281250002019e-01 1.691115781249998840e-01 2.033555179088291975e+00
-2.097131406250000163e-01 5.048642656250001970e-01 5.817968593749999195e-01 2.173905057141265917e+00
2.074932031249998587e-01 2.754615781250001616e-01 -1.084730781250000664e-01 2.307349470419098214e+00
9.544726562499994404e-02 1.396926406250001418e-01 1.796368593749999021e-01 1.759547507982291537e+00
1.190804843749998509e-01 2.100294218750001773e-01 7.391276562499993208e-02 2.051297464432598527e+00
-2.413117187500002370e-02 4.014212656250001343e-01 3.070398906249999227e-01 1.299084452731041894e+00
2.511254687499997473e-02 3.035517031250001829e-01 6.291620312499995871e-02 1.795963500388124690e+00
-1.236543281250000459e-01 4.324095781250001935e-01 3.964262343749999085e-01 1.488726917782221326e+00
7.322639062499991525e-02 1.443743281250001731e-01 1.918901718749999596e-01 1.676317404540748512e+00
1.560838906249999436e-01 4.178071718750001606e-01 -3.903764062500006404e-02 2.613771742340746052e+00
9.431739062499988613e-02 3.899399843750001593e-01 2.225234531249999925e-01 2.024542097841670607e+00
-2.381078125000046786e-03 3.753375781250001264e-01 2.175764062499996321e-02 2.594966594592476472e+00
-1.891870781250000189e-01 1.558556093750001481e-01 4.108788593750000162e-01 1.807149461158023884e+00
9.576765624999927784e-03 3.437919218750001837e-01 3.258911406249999088e-01 1.894921446443887936e+00
-1.693201093750000830e-01 4.336357343750001925e-01 4.041238281250000286e-01 1.910746034406647587e+00
-3.017979531250000180e-01 2.022266093750001714e-01 5.638881718750000660e-01 2.325312998592421909e+00
4.535614062499992993e-02 3.138068281250001590e-01 1.777517343749999701e-01 1.439581213361264211e+00
-3.161097031250000300e-01 1.876242031250001663e-01 5.587040781250000032e-01 2.605888271178582904e+00
-2.729861406250000400e-01 1.471610468750001455e-01 6.594011718750000250e-01 2.271641997233750487e+00
-5.394078125000034696e-03 5.328429218750001528e-01 2.481297343749999662e-01 2.195256283901787953e+00
1.268954531249998352e-01 1.020162031250001489e-01 2.398037656249999428e-01 2.376790250175924157e+00
1.926165156249999288e-01 2.963062343750001992e-01 -7.461796875000037410e-03 2.566910389487703004e+00
2.784307812499986490e-02 3.789045781250001133e-01 1.928327343749999812e-01 1.499943781549847976e+00
-8.156648437500002569e-02 1.665566093750001364e-01 3.150516718749999390e-01 2.061978670744131659e+00
-2.170573281250000597e-01 2.121473281250001452e-01 6.521748593749999712e-01 2.249945198040878669e+00
-2.829667031250000520e-01 5.409801406250001055e-01 6.664703906250000198e-01 2.262677980290829449e+00
-6.621901562500009941e-02 5.062018906250002059e-01 4.473246093749998487e-01 2.635455546540166338e+00
-8.834573437500004012e-02 3.481392031250001851e-01 2.969858906249999153e-01 1.255157826844253810e+00
-1.029020312500000811e-02 9.098079687500015833e-02 3.854296718749998796e-01 2.553050518554562220e+00
7.162573437499986095e-02 1.974334531250001579e-01 -8.247265625000055334e-03 2.298182969781099594e+00
-5.595598437500010069e-02 5.073165781250001949e-01 3.238489218749999177e-01 2.094998510459401775e+00
5.081720312499993231e-02 2.103638281250001518e-01 2.286501093749999658e-01 1.450160886273682337e+00
1.739173437499996755e-02 3.206064218750001582e-01 4.229750781250000147e-01 2.400241840460049403e+00
-5.002414062500004643e-02 2.367819218750001620e-01 2.577124531249999073e-01 1.480466874068767202e+00
-3.199701093750000336e-01 7.136229687500014740e-02 6.851645468750000578e-01 2.546789980693773270e+00
-1.618817656250000070e-01 6.176706406250002113e-01 5.035641718750000217e-01 2.457701866110062916e+00
-1.633882656250000287e-01 2.686619843750001069e-01 5.444085468749999546e-01 1.623277227457273097e+00
-2.469990156249999846e-01 5.740863593750001881e-01 5.764556718750000197e-01 2.441748188267944375e+00
-3.623404218750000405e-01 5.454388906250001723e-01 6.251547343750000207e-01 2.597790710269714420e+00
-7.384567187500007401e-02 3.607351718750002045e-01 4.690035468749998993e-01 2.012704906654137815e+00
-1.670603593750000782e-01 5.247057031250002002e-01 5.769269531250000860e-01 2.533419769636326091e+00
3.528142187499994087e-02 3.702100156250002216e-01 9.292110937499997725e-02 1.769130935037624974e+00
5.693735937499988520e-02 3.692067968750001872e-01 5.898885937499998011e-02 1.874845806104786572e+00
-6.028717187500004515e-02 4.724268593750001743e-01 1.950320468749999203e-01 2.623409527292461796e+00
-1.911643593749999814e-01 2.594100781250001653e-01 3.665784218750000045e-01 1.564874639863364170e+00
1.248240156249998956e-01 4.383174218750001683e-01 -1.531648437500005011e-02 2.656616966953945003e+00
-2.326872656250000559e-01 1.775920156250001825e-01 6.300246406249999653e-01 2.114983829663773296e+00
2.055159218749998962e-01 2.083573906250001384e-01 -4.877745312500003649e-02 2.610919534577440970e+00
2.420890624999949559e-03 3.077875156250001187e-01 1.178359374999937703e-03 2.530416221108758634e+00
1.466682656249999051e-01 2.662096718750001090e-01 -1.673032812500008237e-02 1.944502193668529610e+00
-1.896578593750000152e-01 3.897170468750001948e-01 6.034757968749998591e-01 2.624040071764174531e+00
-7.309242187500009091e-02 1.753626406250001768e-01 3.010703281249998975e-01 1.998968056553793948e+00
3.462232812499987933e-02 3.639677656250002169e-01 4.006046874999946716e-03 2.265265714216395665e+00
-6.618109375000014172e-03 2.928507031250002224e-01 1.296810468749999834e-01 1.549520204685930214e+00
1.899801406249997937e-01 3.413396093750001858e-01 -7.265570312500005401e-02 2.608121523150346288e+00
6.644714062499990082e-02 2.744583593750001826e-01 -1.405973437500007694e-02 2.341230974674730625e+00
-4.409229687499999217e-02 3.728852656250001840e-01 1.973884531249999741e-01 1.717059782100105236e+00
-2.596159531250000208e-01 1.384664843750001428e-01 5.968778593749999306e-01 2.184964752328926174e+00
-2.404080781250000631e-01 1.832769218750001372e-01 3.741189218749999545e-01 2.369697706470423437e+00
-2.481288906250000426e-01 2.458108906250001668e-01 7.384193281249999963e-01 2.658242939322650766e+00
1.880028593749999422e-01 3.492538906250001185e-01 -6.825707812500006466e-02 2.645707898618604670e+00
8.669073437499985602e-02 5.303906093750002659e-01 8.663735937500000039e-02 2.665939325816928385e+00
-2.686170312500002488e-02 2.258579843750001537e-01 1.834071093749999326e-01 1.872107546712920012e+00
-1.410732343750000228e-01 5.111065156250003128e-01 3.818165156249999637e-01 2.271209896607254475e+00
-3.166367187500002123e-02 2.430241718750001390e-01 7.312729687499991416e-02 2.460544041986519215e+00
-5.397870312500002710e-02 4.417729531250001451e-01 1.562298906249999231e-01 2.621648703650772294e+00
-2.688432656249999941e-01 1.604258281250001694e-01 6.782524218750000111e-01 2.160397867838100616e+00
-6.367679687499999686e-02 4.956123593750000889e-01 2.407463281249999643e-01 2.489108427843681248e+00
-5.299921875000113136e-03 3.446836718750002082e-01 5.600407812499991200e-02 2.155645918872842515e+00
-3.689313593749999898e-01 4.086667343750001735e-01 5.684438906250000034e-01 2.563471958629304659e+00
-3.327753593750000238e-01 2.936309843750001813e-01 7.618262968750000308e-01 2.252842442496892694e+00
3.076192187499993125e-02 2.006660468750001702e-01 2.228376406249999997e-01 1.311054724057427956e+00
1.858372656249999144e-01 2.803662031250002129e-01 -9.574848437500005360e-02 2.169789325442261330e+00
-3.720385156250000103e-01 6.452034218750001271e-01 7.877467656249999006e-01 2.648330346275581615e+00
-2.609341406250000328e-01 1.632125468750001696e-01 5.830536093750000592e-01 2.070540932588619931e+00
-2.244015156250000476e-01 1.425908281250001797e-01 4.946098281249998729e-01 2.076385272482638378e+00
1.181389218749998582e-01 4.955008906250001899e-01 3.244001562499992941e-02 2.627214433716407616e+00
-1.827844531250000237e-01 2.202845468750001812e-01 5.679726093750000482e-01 1.951772451561014865e+00
3.707039062499994930e-02 5.375246093750002396e-01 1.967600781249999042e-01 2.244094698099968088e+00
-1.315634531250000072e-01 1.616519843750001406e-01 3.379873593749999072e-01 1.905838704110786708e+00
2.725551718749998908e-01 2.390112968750001399e-01 -1.292094531250000677e-01 2.638651186156676154e+00
