-1.937499999999992006e-02 1.471249999999999503e-01 1.996250000000001634e-01 1.614532172907582552e+00
-1.216249999999999831e-01 9.362499999999984723e-02 4.991250000000000409e-01 2.107463255012038683e+00
-5.837500000000006573e-02 4.113750000000000462e-01 1.848749999999999005e-01 1.924923084274460017e+00
1.798750000000000071e-01 3.356250000000000622e-01 1.936249999999999361e-01 2.630681459833397629e+00
-1.106249999999999734e-01 3.396250000000000657e-01 4.496250000000001634e-01 1.378450594932323581e+00
-2.812499999999995559e-02 4.137499999999993960e-02 2.343750000000000000e-01 2.260867691697035831e+00
-1.993750000000000799e-01 5.493749999999999467e-01 7.431250000000000355e-01 2.533119672614374096e+00
-3.273749999999999716e-01 2.483750000000000124e-01 5.823749999999998650e-01 2.240352187455595612e+00
-3.178749999999999076e-01 9.511250000000002203e-01 9.598750000000000338e-01 2.479730331333917182e+00
-1.561250000000000693e-01 2.921249999999999680e-01 3.963749999999999218e-01 9.438527056658335690e-01
-4.406250000000000444e-01 9.823750000000002203e-01 9.063750000000001528e-01 2.204455279050105521e+00
-6.016249999999999654e-01 7.136249999999999538e-01 8.426249999999999574e-01 2.690765905732119823e+00
-5.487500000000000711e-02 2.013750000000000817e-01 3.038750000000001172e-01 1.108252239196348521e+00
-4.962500000000003020e-02 3.301250000000000018e-01 4.091249999999999609e-01 1.687019965756373807e+00
-3.986250000000000071e-01 6.416249999999998899e-01 6.668750000000001066e-01 2.482730820019483531e+00
-2.912500000000006750e-02 2.148750000000001492e-01 5.112499999999986500e-02 2.147396365339174551e+00
-3.691249999999999254e-01 2.358750000000000568e-01 6.491250000000001741e-01 2.578440615719003404e+00
-3.623749999999998916e-01 6.256249999999998757e-01 9.873750000000001137e-01 1.997572116867480929e+00
2.203749999999999876e-01 1.816249999999999254e-01 -2.262499999999989519e-02 2.275420833017627764e+00
-4.012499999999996625e-02 2.012500000000017053e-02 3.136250000000000426e-01 2.082475879002379404e+00
6.337500000000018119e-02 2.041249999999998899e-01 -1.066249999999999698e-01 2.262211350589971914e+00
1.463749999999999218e-01 4.158749999999999947e-01 2.456249999999999822e-01 2.491206894123672466e+00
-2.596249999999999947e-01 2.991250000000000853e-01 4.066250000000000142e-01 1.783519361283672833e+00
-4.363749999999999574e-01 3.878750000000001918e-01 8.163750000000000728e-01 2.576190407010040317e+00
-7.436249999999999805e-01 8.666249999999999787e-01 9.656250000000001776e-01 2.536134756850297656e+00
-3.533749999999999947e-01 5.262499999999992184e-02 9.861249999999999183e-01 2.490440327092525941e+00
3.125000000000044409e-03 1.151249999999999218e-01 8.562500000000006217e-02 2.310012063559852002e+00
-2.831250000000000711e-01 3.023750000000000604e-01 5.013749999999999041e-01 1.823140973700398737e+00
-3.356250000000000622e-01 8.148750000000000160e-01 7.483750000000000124e-01 2.410895049586787131e+00
7.862500000000016698e-02 1.356250000000001066e-01 3.613750000000000018e-01 2.684449664881937370e+00
-1.271249999999999325e-01 5.786250000000001670e-01 5.173749999999999183e-01 2.470308790882360217e+00
-2.156249999999999556e-01 4.973749999999999005e-01 7.306249999999998579e-01 2.428493879710464043e+00
4.987500000000011369e-02 3.061250000000002025e-01 4.148749999999998828e-01 2.507178736386795226e+00
-1.553750000000000409e-01 1.911249999999999893e-01 2.178750000000000409e-01 2.174221645392948599e+00
-1.661250000000000782e-01 3.783750000000001279e-01 6.701250000000000817e-01 2.657184929960989539e+00
-2.012499999999994849e-02 3.531249999999999112e-01 7.012499999999999289e-02 1.910988656979888178e+00
1.125000000000042633e-03 3.046250000000001457e-01 3.258749999999999147e-01 1.665643965452521025e+00
-2.718749999999999778e-01 5.898750000000001492e-01 9.646250000000000657e-01 2.571652041992940951e+00
-3.388750000000000373e-01 6.458750000000001990e-01 9.143750000000001599e-01 1.943247760907028443e+00
-2.503750000000000142e-01 5.298750000000000959e-01 8.276250000000000551e-01 2.490720052418062380e+00
-3.541250000000000231e-01 1.826250000000000373e-01 9.863750000000000018e-01 2.139253346646004861e+00
-1.624999999999987566e-03 5.341249999999999609e-01 2.208749999999999325e-01 2.115771123509884610e+00
-1.046249999999999680e-01 4.338750000000000107e-01 2.366250000000000853e-01 2.169373419326841024e+00
-3.921250000000000568e-01 8.846250000000002167e-01 7.888749999999999929e-01 2.542655845612840082e+00
-2.161249999999999005e-01 1.491250000000001741e-01 6.333750000000000213e-01 1.697178874663849202e+00
-2.691250000000000586e-01 2.583750000000000213e-01 9.201250000000000817e-01 2.276015335262099981e+00
-5.137499999999994849e-02 3.687499999999999112e-02 1.951249999999999929e-01 2.655203510847831794e+00
-2.833749999999999325e-01 2.886250000000001315e-01 8.661250000000000338e-01 2.116033629426282925e+00
-4.486250000000000515e-01 9.491249999999999964e-01 8.623750000000001137e-01 2.396271673039032990e+00
-1.513750000000000373e-01 4.341249999999998721e-01 5.088750000000001883e-01 1.719670918071134036e+00
-1.618749999999999911e-01 4.571250000000000036e-01 6.146250000000001990e-01 2.301591733174498167e+00
-2.423750000000000071e-01 1.126249999999999751e-01 3.701250000000000373e-01 2.396809983522964149e+00
8.312499999999989342e-02 -1.337499999999991473e-02 1.223749999999999005e-01 2.541773047777105887e+00
-3.933750000000000302e-01 2.761249999999999538e-01 7.311250000000000249e-01 2.650837085314286412e+00
-6.987499999999990941e-02 -7.287500000000002309e-02 4.143750000000001599e-01 2.433963911125490043e+00
-3.478749999999999343e-01 3.618749999999999467e-01 9.273750000000000604e-01 2.274444474184891707e+00
-1.293750000000000178e-01 -6.637500000000007283e-02 4.931250000000000355e-01 2.502533583670470740e+00
2.033749999999998614e-01 3.236250000000000515e-01 -1.308750000000000746e-01 2.495637616060613517e+00
2.837500000000003908e-02 2.846250000000001279e-01 2.603750000000000231e-01 1.370637976614054176e+00
-4.403749999999999609e-01 5.088750000000001883e-01 8.431250000000001243e-01 2.172291573330595860e+00
-1.116249999999999742e-01 4.401250000000000995e-01 5.048750000000001847e-01 2.014516865080605790e+00
-3.051249999999999796e-01 3.173750000000001847e-01 8.446250000000001812e-01 2.040196400128360565e+00
-2.246250000000000746e-01 -6.687500000000001776e-02 5.448749999999999982e-01 2.658826323767792932e+00
2.162500000000000533e-02 3.501250000000000195e-01 3.801250000000000462e-01 2.232309112428859432e+00
-2.841249999999999609e-01 1.812499999999994671e-02 6.321250000000000480e-01 2.588301411780466577e+00
-1.608749999999999902e-01 5.487500000000000711e-02 5.631249999999998757e-01 2.256993606850130618e+00
1.828750000000001208e-01 1.581250000000000711e-01 -1.516249999999998987e-01 2.476272355922787050e+00
-2.651250000000000551e-01 7.661250000000001670e-01 8.731249999999999289e-01 2.407394028294598254e+00
8.737500000000020250e-02 4.641250000000001208e-01 4.375000000000017764e-03 2.518513541983651294e+00
-9.187499999999992895e-02 7.712500000000011013e-02 4.748749999999999361e-01 2.181909840794777011e+00
-1.706250000000000266e-01 3.358750000000001457e-01 2.513749999999999041e-01 1.987334657885620581e+00
-4.816249999999999698e-01 7.176249999999999574e-01 8.876249999999998863e-01 2.362827585866423163e+00
1.746250000000000302e-01 2.987500000000009592e-02 1.578749999999999876e-01 2.280387105301605377e+00
-5.738750000000000240e-01 7.226250000000000728e-01 9.213750000000000551e-01 2.212192611185757496e+00
9.587499999999993250e-02 3.148750000000000160e-01 2.391250000000000320e-01 1.815284511196455286e+00
-2.528749999999999609e-01 5.668750000000000178e-01 8.201249999999999929e-01 2.388041609974466351e+00
-1.946250000000000480e-01 3.013750000000001705e-01 3.348750000000000338e-01 1.544815241854517796e+00
-1.236249999999999849e-01 4.333750000000000657e-01 3.896250000000001101e-01 1.482630152522534717e+00
-3.476250000000000728e-01 7.213750000000000995e-01 8.886249999999999982e-01 1.693867206595817132e+00
-2.643750000000000266e-01 1.076250000000000817e-01 7.458750000000000657e-01 2.071402994227513172e+00
-2.998749999999998916e-01 5.198749999999998650e-01 8.871250000000001634e-01 2.339489986347430328e+00
4.037500000000004974e-02 1.358749999999999680e-01 1.788750000000001172e-01 1.309058407032775095e+00
3.371249999999998970e-01 1.781250000000000888e-01 -2.878749999999999920e-01 2.692089762005225317e+00
-9.125000000000049738e-03 1.038749999999999396e-01 4.108749999999998792e-01 2.366137437039375069e+00
-2.913749999999999396e-01 1.668750000000001066e-01 6.581250000000000711e-01 1.921645675430813771e+00
1.356250000000001066e-01 1.406250000000000000e-01 1.071249999999999147e-01 2.012908931776016264e+00
-2.563750000000000195e-01 6.403750000000001386e-01 5.688750000000000195e-01 2.518628048728765556e+00
9.125000000000049738e-03 3.798750000000001847e-01 2.336249999999999716e-01 1.049559838733659545e+00
-2.918749999999999956e-01 3.551250000000001350e-01 7.581250000000001599e-01 1.986792443340534620e+00
-2.903750000000000497e-01 2.638750000000000817e-01 8.081249999999999822e-01 1.749054430385840408e+00
-2.178750000000000409e-01 1.676250000000001350e-01 4.438750000000000195e-01 1.897656387521501342e+00
-6.406250000000000000e-01 9.566250000000000586e-01 9.471250000000002167e-01 2.441078271484686812e+00
-1.633750000000000480e-01 6.676250000000001350e-01 5.518749999999998934e-01 2.599519937782846846e+00
-1.738750000000000018e-01 1.906250000000000444e-01 2.401249999999999218e-01 2.152872112125304049e+00
-2.668749999999999734e-01 8.063750000000000639e-01 7.763750000000000373e-01 2.441276050964979127e+00
-5.937499999999995559e-02 1.056249999999998579e-01 1.653750000000000497e-01 2.439514407431471188e+00
1.948750000000001315e-01 2.537499999999992539e-02 2.133750000000000924e-01 2.594768843801298797e+00
1.521250000000000657e-01 1.428750000000000853e-01 -1.751249999999999751e-01 2.253153152782028101e+00
-4.321249999999999813e-01 5.748750000000000249e-01 8.006250000000001421e-01 2.344525529112479578e+00
-9.812500000000001776e-02 7.862500000000016698e-02 5.058750000000000746e-01 2.353225996922667651e+00
1.106250000000001954e-01 4.826250000000000817e-01 1.106250000000001954e-01 2.128553056887999340e+00
-9.862499999999996270e-02 1.012499999999993960e-02 2.981250000000001954e-01 2.407230515775455437e+00
-2.286250000000000782e-01 6.201250000000000373e-01 6.048750000000000515e-01 1.963370385086652181e+00
-1.073749999999999982e-01 1.958750000000000213e-01 2.896250000000000213e-01 1.079553648981825376e+00
-1.766250000000000320e-01 2.726250000000001172e-01 1.621250000000000746e-01 2.567008806567693924e+00
2.143749999999999822e-01 2.131250000000000089e-01 6.662500000000015632e-02 2.582777015443012747e+00
-3.112500000000006928e-02 3.371249999999998970e-01 3.028750000000000053e-01 1.193695307241377845e+00
1.187499999999985789e-02 1.413750000000000284e-01 2.076250000000001705e-01 1.374339549892199974e+00
-2.351250000000000284e-01 5.483750000000000568e-01 7.693750000000001421e-01 2.367724959765154846e+00
7.412499999999999645e-02 3.863750000000001350e-01 7.287500000000002309e-02 1.697957710505607842e+00
-3.036250000000000338e-01 2.296249999999999680e-01 7.036250000000001670e-01 1.935605785952904112e+00
-2.016249999999999432e-01 4.038750000000002061e-01 5.783749999999998614e-01 1.805094728916745828e+00
-2.936250000000000249e-01 2.093750000000000888e-01 4.713750000000000995e-01 2.336158372851822485e+00
-1.771249999999999769e-01 5.763750000000000817e-01 6.253750000000000142e-01 2.168677352809044390e+00
-1.343749999999999112e-01 1.758750000000000036e-01 2.031250000000000000e-01 2.231791351346104957e+00
-7.662499999999994316e-02 4.358750000000000124e-01 2.153749999999998721e-01 2.066930826280095168e+00
-2.961249999999999716e-01 4.583750000000001990e-01 5.008750000000001812e-01 2.090352627198738489e+00
-3.668750000000000622e-01 5.166249999999998899e-01 9.551250000000000018e-01 2.084888594423437436e+00
-1.378749999999999698e-01 2.848749999999999893e-01 9.387500000000015277e-02 2.501502656765029808e+00
-3.316250000000000586e-01 4.088750000000000995e-01 8.506249999999999645e-01 2.175019839049893822e+00
-3.833750000000000213e-01 4.441250000000001030e-01 6.136249999999998650e-01 2.384407673393055038e+00
-1.831249999999999822e-01 1.988750000000001350e-01 7.046250000000000568e-01 2.167720899926498301e+00
6.312499999999987566e-02 3.401250000000000107e-01 1.862500000000011369e-02 1.730504575016506674e+00
1.537500000000013856e-02 1.918750000000000178e-01 2.358750000000000568e-01 1.138078617534875381e+00
1.416249999999998899e-01 2.543750000000000178e-01 2.312500000000006217e-02 2.009703010980842475e+00
-3.433749999999999858e-01 1.761249999999998650e-01 8.406250000000001776e-01 2.327258946778895776e+00
-3.658749999999999503e-01 7.708750000000001990e-01 9.306250000000000355e-01 1.761062398457458933e+00
1.621250000000000746e-01 1.611250000000001847e-01 -2.176249999999999574e-01 2.288701813429465215e+00
1.913749999999998508e-01 6.062499999999992895e-02 -1.691249999999999698e-01 2.453618617920204859e+00
2.153749999999998721e-01 1.028750000000000497e-01 -9.162500000000006750e-02 2.474610801136823302e+00
-3.548750000000000515e-01 6.318749999999999645e-01 8.508750000000000480e-01 1.720039545229780087e+00
-2.053749999999999742e-01 4.131249999999999645e-01 5.951249999999999041e-01 1.873394528072129361e+00
-3.053749999999999520e-01 9.348749999999999005e-01 7.671250000000000568e-01 2.515797566444465172e+00
8.812500000000000888e-02 7.187499999999991118e-02 6.962500000000004796e-02 2.265675136824685243e+00
1.883750000000001812e-01 1.026250000000001883e-01 2.203749999999999876e-01 2.489867451507205676e+00
-6.087500000000001243e-02 -8.337499999999997691e-02 4.038750000000002061e-01 2.480060580004234350e+00
7.812500000000000000e-02 1.062500000000010658e-02 1.958750000000000213e-01 1.775976884796740318e+00
-3.301250000000000018e-01 6.438749999999999751e-01 9.653749999999998721e-01 2.112608667871118673e+00
-2.911250000000000782e-01 1.888749999999999041e-01 8.911250000000001670e-01 2.203551609834156544e+00
-3.583749999999999991e-01 4.168750000000001066e-01 5.413749999999999396e-01 2.369688483279628333e+00
1.603750000000001563e-01 1.508750000000000924e-01 -2.003749999999999698e-01 2.272139623165348787e+00
2.171250000000000124e-01 2.416249999999999787e-01 -9.125000000000049738e-03 2.539700674044924167e+00
-2.036249999999999449e-01 1.726250000000000284e-01 2.668750000000001954e-01 2.337857537578699407e+00
-2.043749999999999734e-01 4.963750000000000107e-01 4.488750000000001350e-01 1.900606148503164450e+00
-2.958749999999999991e-01 4.708749999999999325e-01 4.581249999999998934e-01 2.486929823811462548e+00
-1.416249999999998899e-01 2.426249999999998685e-01 4.133750000000000480e-01 1.002450706534059099e+00
1.506250000000000089e-01 5.153750000000001386e-01 1.573750000000000426e-01 2.600886827343245056e+00
2.011249999999999982e-01 2.386249999999998650e-01 -1.453750000000000320e-01 1.994371428875037155e+00
1.368749999999998579e-01 3.821250000000000480e-01 -1.076249999999999707e-01 2.277655972035176557e+00
-4.196249999999999147e-01 4.153750000000000497e-01 8.553749999999999964e-01 2.268380262529535951e+00
-5.028749999999999609e-01 5.766249999999999432e-01 8.436250000000000693e-01 2.413958992752609500e+00
-2.048749999999999183e-01 3.853750000000000231e-01 7.231250000000000178e-01 2.614452124606298611e+00
-4.473750000000000782e-01 7.938749999999998863e-01 9.071250000000001812e-01 1.990584832508583313e+00
-1.551249999999999574e-01 1.801249999999998685e-01 3.238750000000001350e-01 1.389737128043430081e+00
3.037500000000004086e-02 2.398750000000000604e-01 6.874999999999964473e-03 1.805294392170842865e+00
2.612499999999995381e-02 3.188750000000000195e-01 -2.562500000000000888e-02 1.885775577092264177e+00
-3.188750000000000195e-01 3.787500000000010303e-02 7.456249999999999822e-01 2.209506630626949075e+00
1.837500000000003020e-02 3.378749999999999254e-01 1.131250000000001421e-01 1.567114322934576531e+00
-2.086250000000000604e-01 5.698750000000001315e-01 8.148750000000000160e-01 2.687730146057860203e+00
-1.687499999999997335e-02 3.556249999999998579e-01 3.821250000000000480e-01 1.931273100154587752e+00
7.012499999999999289e-02 2.276250000000001883e-01 1.916250000000001563e-01 1.679495433965916495e+00
3.712500000000007461e-02 4.183750000000001634e-01 8.237499999999986500e-02 2.092119126763064774e+00
-2.728749999999999787e-01 1.303749999999999076e-01 8.051249999999998685e-01 2.136733354559208209e+00
-4.701249999999999041e-01 6.038749999999999396e-01 9.523749999999999716e-01 2.356539328067580374e+00
-3.206249999999999378e-01 5.983749999999998792e-01 9.013750000000000373e-01 2.107779301852364284e+00
-3.461250000000000160e-01 9.837499999999987921e-02 7.618749999999998579e-01 2.378681623082593788e+00
-4.087499999999999467e-02 5.337499999999995026e-02 3.741250000000000409e-01 1.857755339431613084e+00
-2.573749999999999094e-01 3.212500000000018119e-02 8.146249999999999325e-01 2.544444956558911564e+00
6.687500000000001776e-02 2.521249999999999325e-01 2.718750000000000888e-01 1.903088879050502946e+00
-1.528749999999999831e-01 2.423750000000000071e-01 4.386250000000000426e-01 1.051746903141344447e+00
8.875000000000188294e-03 2.023749999999999716e-01 2.843750000000000444e-01 1.467425530560435787e+00
7.137500000000018829e-02 1.762500000000000178e-02 3.448750000000000426e-01 2.573183409800929411e+00
-2.576249999999999929e-01 8.750000000001811884e-04 7.791250000000000675e-01 2.653378710854965572e+00
1.691250000000001918e-01 8.412500000000000533e-02 -1.158749999999999503e-01 2.267991333304018475e+00
-2.616249999999999964e-01 -5.487500000000000711e-02 6.466250000000000053e-01 2.669550817453981484e+00
-1.951249999999999929e-01 5.058750000000000746e-01 5.871249999999998970e-01 1.816292732710026225e+00
-2.268749999999999378e-01 5.323750000000000426e-01 7.806250000000001243e-01 2.496216564262640603e+00
-2.393749999999998934e-01 4.598750000000000338e-01 5.326249999999999041e-01 1.604754610133079629e+00
-7.237499999999996714e-02 4.606250000000000622e-01 5.051250000000000462e-01 2.373955903865221373e+00
5.637500000000006395e-02 5.408749999999999947e-01 1.048750000000000515e-01 2.473609779486038551e+00
-2.953749999999999432e-01 9.313750000000000639e-01 9.833750000000001101e-01 2.581070227491618851e+00
-2.703750000000000320e-01 5.516250000000000320e-01 5.766249999999999432e-01 2.087600172489774586e+00
-2.361249999999999183e-01 1.212500000000016342e-02 5.271250000000000657e-01 2.415016168606365810e+00
-9.137499999999998401e-02 2.756250000000000089e-01 1.658749999999999947e-01 1.678376486643134546e+00
-2.011249999999999982e-01 3.256250000000000533e-01 7.241249999999999076e-01 2.326348257089818183e+00
-2.531250000000000444e-01 7.933750000000001634e-01 7.716250000000000053e-01 2.500682942747481707e+00
-3.148750000000000160e-01 5.781250000000000000e-01 6.846250000000000391e-01 1.830294541099947159e+00
-5.713749999999999662e-01 9.686250000000000693e-01 9.228749999999998899e-01 2.417628800144584478e+00
-2.786249999999999005e-01 6.136249999999998650e-01 7.476250000000002061e-01 1.860116844062781771e+00
-4.896249999999999769e-01 9.466250000000000497e-01 9.388749999999999041e-01 2.132937320320018593e+00
3.012499999999995737e-02 3.876249999999998863e-01 7.624999999999992895e-03 2.102558220925215604e+00
-3.176250000000000462e-01 2.598750000000000782e-01 7.968750000000000000e-01 2.011225777816844751e+00
-1.846250000000000391e-01 6.893750000000000711e-01 7.631250000000000533e-01 2.660015737335027275e+00
-1.443749999999999201e-01 2.011249999999999982e-01 5.176250000000000018e-01 1.539185041544580912e+00
-2.628749999999999698e-01 6.711249999999999716e-01 7.113749999999998685e-01 1.895876084004278095e+00
8.012500000000000178e-02 2.171250000000000124e-01 7.812500000000000000e-02 1.406568503728484520e+00
-3.741250000000000409e-01 1.156250000000000888e-01 9.581249999999998934e-01 2.542899483269144945e+00
9.862500000000018474e-02 1.021250000000000213e-01 1.466250000000000053e-01 1.619206838181848740e+00
-1.537499999999991651e-02 1.121250000000000302e-01 4.111250000000001847e-01 2.312409543290433245e+00
-1.128750000000000586e-01 2.993749999999999467e-01 1.118749999999999467e-01 2.104969978065613034e+00
-5.071250000000000480e-01 9.748749999999999361e-01 9.586250000000000604e-01 2.128791921246901087e+00
5.387500000000011724e-02 4.311250000000002025e-01 2.061250000000001137e-01 1.545771590565760523e+00
-3.871249999999999414e-01 6.191249999999999254e-01 8.453750000000002096e-01 1.974855771428825069e+00
1.687500000000019540e-02 3.608750000000000568e-01 1.408749999999998614e-01 1.552115798632875521e+00
-3.281250000000000000e-01 1.511249999999999538e-01 8.588750000000000551e-01 2.290363977233225157e+00
1.103749999999998899e-01 2.871250000000000746e-01 5.187499999999989342e-02 1.924888685812498279e+00
1.536249999999999005e-01 4.268749999999998934e-01 2.138750000000000373e-01 2.473463804546025546e+00
-3.026249999999999218e-01 1.686250000000000249e-01 5.126249999999998863e-01 2.453261716203183784e+00
-1.971249999999999947e-01 3.111250000000000959e-01 2.451250000000000373e-01 2.098896086178929643e+00
-8.621250000000000302e-01 9.396249999999999325e-01 9.821249999999999147e-01 2.652986611944537110e+00
2.912500000000006750e-02 3.156250000000000444e-01 4.301249999999998685e-01 2.401421795233563916e+00
-3.118749999999999023e-01 2.643750000000000266e-01 9.736250000000001847e-01 2.161575779140813669e+00
1.031249999999999112e-01 5.098750000000000782e-01 1.728749999999998899e-01 2.327717103342713756e+00
-5.788750000000000284e-01 6.153750000000000053e-01 9.463750000000001883e-01 2.517487690636615039e+00
-3.523749999999999938e-01 9.798750000000000515e-01 9.443749999999999645e-01 2.311819115704332184e+00
1.008750000000000480e-01 5.213749999999999218e-01 1.078749999999999432e-01 2.076401769992874069e+00
-4.762500000000002842e-02 1.778750000000000053e-01 3.891249999999999432e-01 1.846352651796628663e+00
-1.408749999999999725e-01 5.712500000000009237e-02 3.093750000000001776e-01 2.310654074418457604e+00
-2.543750000000000178e-01 4.387499999999988631e-02 4.883750000000000036e-01 2.552584968116891062e+00
-3.778749999999999609e-01 3.663750000000001172e-01 6.716250000000001386e-01 2.462519438952436968e+00
-4.746250000000000746e-01 5.643750000000000711e-01 8.178749999999999076e-01 2.312457438987397307e+00
1.088750000000000551e-01 -1.062499999999988454e-02 1.233750000000000124e-01 2.301904744019226623e+00
1.151249999999999218e-01 4.028749999999998721e-01 -5.362500000000003375e-02 2.338239780839163284e+00
1.738750000000000018e-01 4.303750000000001741e-01 -3.125000000000044409e-03 2.662143433942279813e+00
8.962499999999984368e-02 4.818750000000000533e-01 -2.762500000000001066e-02 2.602663863184905946e+00
-1.912500000000005862e-02 4.008750000000000924e-01 6.837500000000007461e-02 2.245090548113755968e+00
-2.116249999999999520e-01 1.708750000000001101e-01 5.441250000000001918e-01 1.659331743465762177e+00
1.021250000000000213e-01 2.138750000000000373e-01 2.001249999999998863e-01 1.928335610390929267e+00
-2.413749999999998952e-01 -9.162500000000006750e-02 6.823749999999999538e-01 2.646985954892341564e+00
-5.273749999999999272e-01 6.601250000000000728e-01 9.638750000000000373e-01 2.351061181027619185e+00
-1.063749999999998863e-01 3.428750000000000409e-01 6.238749999999999574e-01 2.653963854911534526e+00
-1.662499999999988987e-02 2.593749999999999112e-01 4.396249999999999325e-01 1.883193495702259135e+00
-1.637500000000002842e-02 3.373750000000002025e-01 4.393750000000000711e-01 2.112305537664312727e+00
1.451250000000001705e-01 3.336250000000000604e-01 8.387499999999992184e-02 2.300682165687309322e+00
-8.737499999999998046e-02 2.271250000000000213e-01 1.026250000000001883e-01 2.289934511099261272e+00
-2.081249999999998934e-01 2.056249999999999467e-01 3.406250000000001776e-01 1.818770116228129563e+00
