-6.988313210602432601e-01
-6.786293008582230391e-01
-6.584272806562028180e-01
-6.382252604541827079e-01
-6.180232402521624868e-01
-5.978212200501422657e-01
-5.776191998481220446e-01
-5.574171796461018236e-01
-5.372151594440816025e-01
-5.170131392420613814e-01
-4.968111190400412713e-01
-4.766090988380210502e-01
-4.564070786360008292e-01
-4.362050584339806081e-01
-4.160030382319603870e-01
-3.958010180299402769e-01
-3.755989978279199448e-01
-3.553969776258998348e-01
-3.351949574238796137e-01
-3.149929372218593926e-01
-2.947909170198391715e-01
-2.745888968178189504e-01
-2.543868766157988404e-01
-2.341848564137785083e-01
-2.139828362117583982e-01
-1.937808160097381771e-01
-1.735787958077179560e-01
-1.533767756056977349e-01
-1.331747554036775139e-01
-1.129727352016574038e-01
-9.277071499963718271e-02
-7.256869479761696162e-02
-5.236667459559674054e-02
-3.216465439357651945e-02
-1.196263419155629837e-02
8.239386010463922716e-03
2.844140621248403278e-02
4.864342641450425386e-02
6.884544661652447495e-02
8.904746681854469603e-02
1.092494870205649171e-01
1.294515072225851382e-01
1.496535274246052483e-01
1.698555476266254693e-01
1.900575678286456904e-01
2.102595880306659115e-01
2.304616082326861326e-01
2.506636284347063537e-01
2.708656486367264637e-01
2.910676688387466848e-01
3.112696890407669059e-01
3.314717092427872380e-01
3.516737294448073481e-01
3.718757496468274582e-01
3.920777698488477903e-01
4.122797900508679003e-01
4.324818102528882324e-01
4.526838304549083425e-01
4.728858506569284526e-01
4.930878708589487847e-01
5.132898910609688947e-01
5.334919112629892268e-01
5.536939314650093369e-01
5.738959516670296690e-01
5.940979718690497791e-01
6.142999920710698891e-01
6.345020122730902212e-01
6.547040324751103313e-01
6.749060526771306634e-01
6.951080728791507735e-01
7.153100930811711056e-01
7.355121132831912156e-01
7.557141334852113257e-01
7.759161536872316578e-01
7.961181738892517679e-01
8.163201940912721000e-01
8.365222142932922100e-01
8.567242344953123201e-01
8.769262546973326522e-01
8.971282748993527623e-01
9.173302951013730944e-01
9.375323153033932044e-01
9.577343355054135365e-01
9.779363557074336466e-01
9.981383759094537567e-01
1.018340396111474089e+00
1.038542416313494199e+00
1.058744436515514531e+00
1.078946456717534641e+00
1.099148476919554973e+00
1.119350497121575083e+00
1.139552517323595193e+00
1.159754537525615525e+00
1.179956557727635635e+00
1.200158577929655968e+00
1.220360598131676078e+00
1.240562618333696188e+00
1.260764638535716520e+00
1.280966658737736630e+00
1.301168678939756740e+00
