2.076250000000001705e-01 1.558749999999999858e-01 5.512499999999986855e-02 2.589017634123760292e+00
-5.187499999999989342e-02 2.978749999999998899e-01 6.987500000000013145e-02 2.322657133335583435e+00
-1.976249999999999396e-01 2.638750000000000817e-01 4.761250000000001315e-01 1.685070781052332212e+00
-7.287500000000002309e-02 5.651250000000000995e-01 4.006250000000000089e-01 2.443285957018976440e+00
-2.961249999999999716e-01 4.741249999999999076e-01 6.163750000000001172e-01 1.904087230277450082e+00
1.591249999999999609e-01 9.162500000000006750e-02 2.361249999999999183e-01 2.500386436272499235e+00
2.773750000000001492e-01 3.348750000000000338e-01 -1.591249999999999609e-01 2.450274789540900500e+00
-2.918749999999999956e-01 4.028749999999998721e-01 5.283750000000000391e-01 2.089502418512045434e+00
-2.998749999999998916e-01 2.956250000000000266e-01 6.916250000000001563e-01 2.371997500200230480e+00
6.487500000000001599e-02 2.966250000000001386e-01 3.541250000000000231e-01 2.340534680918331834e+00
9.062500000000017764e-02 4.928750000000001741e-01 -1.637500000000002842e-02 2.506098430811707800e+00
-3.468750000000000444e-01 3.266249999999999432e-01 8.498749999999999361e-01 2.648844273770902369e+00
-2.073749999999999760e-01 3.723749999999999005e-01 4.923750000000000071e-01 1.343654925332115724e+00
5.374999999999907629e-03 3.083750000000000657e-01 2.183749999999999858e-01 1.085047967762443832e+00
2.987500000000009592e-02 4.256250000000001421e-01 2.498749999999998472e-01 1.208392910485900806e+00
-2.983750000000000568e-01 3.576250000000000817e-01 5.038750000000000728e-01 2.251884458262148225e+00
7.362500000000005151e-02 2.923750000000000515e-01 -1.662499999999988987e-02 2.035321621011803472e+00
-3.621250000000000302e-01 5.208750000000001990e-01 6.463749999999999218e-01 2.369439397997553876e+00
2.337500000000014566e-02 1.881249999999998757e-01 1.266249999999999876e-01 2.162734937528926427e+00
-7.587499999999991473e-02 3.298749999999999183e-01 3.161249999999999893e-01 1.028560864559519006e+00
3.087499999999998579e-02 1.276250000000000995e-01 2.776250000000000107e-01 1.716074072396748251e+00
-1.413750000000000284e-01 2.583750000000000213e-01 2.931249999999998579e-01 1.844388635197814486e+00
1.761249999999998650e-01 2.088749999999999218e-01 -1.363749999999999130e-01 2.171784687067056741e+00
1.987499999999986500e-02 4.708749999999999325e-01 2.646250000000001101e-01 1.506707465592328488e+00
-1.706250000000000266e-01 6.381250000000000533e-01 5.556250000000000355e-01 2.538709122140486052e+00
-1.125000000000042633e-03 4.653749999999998721e-01 2.091250000000000053e-01 1.845487264775779401e+00
1.146250000000001990e-01 4.766249999999998543e-01 2.446250000000000924e-01 2.139791306274369642e+00
-2.826249999999999041e-01 2.188750000000001528e-01 6.578750000000002096e-01 2.287065142352392666e+00
-2.251250000000000195e-01 4.523749999999999716e-01 4.381249999999998757e-01 2.241166862269468485e+00
-1.241250000000000409e-01 2.161249999999999005e-01 3.313749999999999751e-01 1.518800062123533134e+00
-3.046249999999999236e-01 2.538749999999998508e-01 7.303749999999999964e-01 2.612778064302589520e+00
-4.701249999999999041e-01 7.088749999999999218e-01 8.956249999999998934e-01 2.576503392623887834e+00
5.412499999999997868e-02 4.123749999999999361e-01 5.012499999999997513e-02 2.021506395488787966e+00
3.637500000000004619e-02 5.828750000000000320e-01 1.106250000000001954e-01 2.675092401386157892e+00
2.968750000000000000e-01 4.278750000000000053e-01 -2.721249999999999503e-01 2.557592609976584441e+00
-2.263749999999999929e-01 1.796250000000001457e-01 7.238750000000000462e-01 2.640767377612324829e+00
-1.778750000000000053e-01 1.331250000000001599e-01 4.691250000000000142e-01 2.184847769832129138e+00
3.375000000000127898e-03 6.248750000000000693e-01 2.486250000000000959e-01 2.419647874438047186e+00
7.487500000000002487e-02 5.256250000000000089e-01 1.096249999999998614e-01 2.229222734440075460e+00
2.837500000000003908e-02 4.501249999999998863e-01 1.598749999999999893e-01 1.858646450278268913e+00
1.716250000000001386e-01 1.581250000000000711e-01 -1.676249999999999130e-01 2.587763969915647166e+00
1.391249999999999432e-01 3.253750000000001918e-01 1.608749999999998792e-01 2.026648986731522939e+00
1.563750000000001528e-01 2.866249999999999076e-01 2.003750000000001918e-01 2.449755506807409056e+00
-3.071249999999999813e-01 6.153750000000000053e-01 6.753750000000000586e-01 2.287669554591436061e+00
-3.143750000000000711e-01 3.101250000000002061e-01 4.446250000000000480e-01 2.587622960335552946e+00
-3.013749999999999485e-01 3.586249999999999716e-01 4.693749999999998757e-01 2.364257514312424036e+00
1.958750000000000213e-01 2.056249999999999467e-01 -4.375000000000017764e-03 2.442897730793050837e+00
-3.231249999999999956e-01 3.501250000000000195e-01 7.976250000000000284e-01 2.647402759113862913e+00
1.191249999999999254e-01 6.436250000000001137e-01 4.362500000000002487e-02 2.632539122540533238e+00
-1.093750000000000000e-01 6.098750000000001670e-01 4.683749999999999858e-01 2.610294920835911636e+00
-1.788749999999998952e-01 4.433750000000000746e-01 5.661249999999999893e-01 2.219873321358351692e+00
2.613750000000001350e-01 3.251249999999998863e-01 -2.783750000000000391e-01 2.611891087371580156e+00
-4.874999999999962697e-03 3.216250000000000497e-01 2.363750000000000018e-01 1.121551640850369624e+00
-2.598750000000000782e-01 4.648750000000001492e-01 5.116249999999999964e-01 2.013932108433502233e+00
-2.291250000000000231e-01 3.731249999999999289e-01 5.778750000000001386e-01 1.559795384023102249e+00
-1.193750000000000089e-01 6.471249999999999503e-01 3.423750000000000959e-01 2.613659014252720958e+00
-4.218750000000000000e-01 5.046249999999998792e-01 7.471250000000000391e-01 2.653065715740560826e+00
2.526250000000000995e-01 1.916250000000001563e-01 -1.531249999999999556e-01 2.583328227266611599e+00
6.662500000000015632e-02 1.653750000000000497e-01 1.093750000000000000e-01 2.074527145820128204e+00
-7.212499999999999467e-02 5.931250000000001243e-01 3.223750000000000782e-01 2.303560673692022664e+00
-1.618749999999999911e-01 3.918750000000001954e-01 4.341249999999998721e-01 1.423942310680058609e+00
-2.036249999999999449e-01 3.876249999999998863e-01 4.821249999999999147e-01 1.420857519330016139e+00
-1.098749999999999449e-01 5.711249999999998828e-01 4.786250000000000782e-01 2.434277078948050566e+00
-2.198750000000000426e-01 6.571250000000001812e-01 5.751249999999998863e-01 2.362547881833894081e+00
1.341250000000000497e-01 2.858749999999998792e-01 -1.862499999999989164e-02 1.770241967930003879e+00
6.337500000000018119e-02 9.087500000000003908e-02 3.406250000000001776e-01 2.595234714567753898e+00
-1.337499999999991473e-02 5.691250000000001030e-01 2.823750000000000426e-01 2.185734848222205873e+00
-2.206250000000000711e-01 5.283750000000000391e-01 6.468750000000000888e-01 2.620123049686858607e+00
-3.387499999999998845e-02 3.736250000000000959e-01 1.511249999999999538e-01 2.002126948164049569e+00
-1.073749999999999982e-01 5.671249999999998792e-01 4.481250000000001066e-01 2.316699820209556115e+00
1.443750000000001421e-01 2.573750000000001315e-01 2.813750000000001528e-01 2.614300873535583047e+00
-2.258750000000000480e-01 4.668749999999999289e-01 5.663750000000000728e-01 1.752133581627251635e+00
9.187499999999992895e-02 1.811250000000002025e-01 2.366250000000000853e-01 1.671930844151261697e+00
-5.287500000000000533e-02 5.083750000000000213e-01 2.251250000000000195e-01 2.431454167882082462e+00
-2.836250000000000160e-01 2.726250000000001172e-01 7.716250000000000053e-01 2.312462409064059976e+00
-6.737499999999996270e-02 5.891250000000001208e-01 4.111250000000001847e-01 2.663522452058327161e+00
-9.462499999999995914e-02 5.176250000000000018e-01 5.156250000000000000e-01 2.478512565639816589e+00
2.637500000000003730e-02 3.391250000000001208e-01 2.263749999999999929e-01 1.083398612484419932e+00
2.113749999999998685e-01 3.848750000000000782e-01 -4.037500000000004974e-02 2.499809178482698790e+00
1.728749999999998899e-01 4.448750000000001315e-01 -1.971249999999999947e-01 2.547598406306969210e+00
1.101250000000000284e-01 2.066250000000000586e-01 2.243749999999999911e-01 1.705055281475402307e+00
-2.373749999999998916e-01 3.088750000000000107e-01 5.843750000000000888e-01 1.870741957053984716e+00
-9.937499999999999112e-02 2.983750000000000568e-01 2.208749999999999325e-01 1.905232765029177822e+00
1.561249999999998472e-01 4.631250000000000089e-01 1.421250000000000568e-01 2.305589276920460673e+00
6.249999999998756550e-04 3.211249999999998828e-01 2.901250000000001883e-01 1.182285100545813483e+00
-1.156249999999999778e-01 1.661250000000000782e-01 2.793749999999999289e-01 2.406768878473665829e+00
-1.948749999999999094e-01 5.031250000000000444e-01 3.796249999999998792e-01 2.602560352575904457e+00
-1.103749999999998899e-01 2.366250000000000853e-01 2.426249999999998685e-01 1.972094789939395687e+00
-2.001249999999998863e-01 3.866249999999999964e-01 3.768750000000000711e-01 2.166666888791283885e+00
-2.866249999999999076e-01 5.406249999999999112e-01 6.961249999999998828e-01 2.486339415396253472e+00
3.387500000000009948e-02 3.191250000000001030e-01 -4.312499999999996891e-02 2.338791104577810032e+00
-9.125000000000049738e-03 3.513749999999999929e-01 6.762500000000004619e-02 2.184059943286198013e+00
2.136249999999999538e-01 1.923750000000001847e-01 -1.678749999999999964e-01 2.538301304197474906e+00
-1.381250000000000533e-01 1.031249999999999112e-01 4.393750000000000711e-01 2.346009838427283167e+00
-1.311249999999999361e-01 3.718750000000001776e-01 4.871250000000000302e-01 1.477818727972205703e+00
-1.371249999999999414e-01 5.333749999999999325e-01 3.473749999999999893e-01 2.410866197743158246e+00
-1.166249999999999787e-01 3.086250000000001492e-01 4.483749999999999680e-01 9.165934684831560375e-01
1.821250000000000924e-01 1.493750000000000355e-01 1.803750000000001741e-01 2.369279510702975156e+00
-1.537499999999991651e-02 4.438750000000000195e-01 2.533750000000001279e-01 1.687041188481674725e+00
-3.028750000000000053e-01 2.946249999999999147e-01 6.153750000000000053e-01 2.375091436421098656e+00
9.125000000000049738e-03 4.098749999999999893e-01 3.558750000000001634e-01 1.893279665382431531e+00
-1.583749999999999325e-01 1.251250000000001528e-01 5.276250000000000107e-01 2.176439653569598232e+00
2.033749999999998614e-01 4.696250000000001812e-01 -1.062499999999988454e-02 2.655295123435367000e+00
2.293750000000001066e-01 2.408749999999999503e-01 -1.038749999999999396e-01 1.951739643383009204e+00
1.356250000000001066e-01 2.921249999999999680e-01 7.187499999999991118e-02 1.765601461253510474e+00
9.662499999999996092e-02 2.588750000000001883e-01 -4.087499999999999467e-02 2.197635124691732944e+00
4.662500000000013856e-02 5.276250000000000107e-01 2.703750000000000320e-01 2.224584563220378453e+00
-1.423749999999999183e-01 2.478750000000000675e-01 4.981249999999999289e-01 1.434940447294664523e+00
4.637500000000005507e-02 3.476249999999998508e-01 5.875000000000074607e-03 2.019888493273646279e+00
1.818750000000000089e-01 1.751249999999999751e-01 -2.296249999999999680e-01 2.683052710515404726e+00
-2.218750000000000444e-01 6.861250000000000959e-01 5.486249999999999183e-01 2.676626763242774487e+00
-2.356249999999999734e-01 3.066249999999999254e-01 6.423749999999999183e-01 1.828339636917715838e+00
-1.891249999999999876e-01 2.886250000000001315e-01 4.298750000000000071e-01 1.656111983375341268e+00
2.108750000000001457e-01 8.312499999999989342e-02 1.393750000000000266e-01 2.632962270565043283e+00
-2.063749999999999751e-01 2.891249999999998543e-01 3.498749999999999361e-01 2.146000636594273647e+00
3.186249999999999361e-01 2.481249999999999289e-01 -2.568749999999999645e-01 2.334425032150027945e+00
-2.531250000000000444e-01 7.151250000000000107e-01 6.678749999999999964e-01 2.627499913798816866e+00
9.537499999999998757e-02 4.381249999999998757e-01 8.337500000000019895e-02 1.938852520372424060e+00
-1.606250000000000178e-01 2.778749999999998721e-01 5.313750000000001528e-01 1.341782105100267630e+00
9.624999999999994671e-03 1.878750000000000142e-01 3.203749999999998543e-01 1.693071622754820593e+00
-1.903749999999999609e-01 4.826250000000000817e-01 4.758750000000000480e-01 1.844453547305679786e+00
1.221250000000000391e-01 2.781250000000001776e-01 1.321250000000000480e-01 1.791522412772975859e+00
6.874999999999964473e-03 1.551249999999999574e-01 3.633750000000000036e-01 2.157704622856072341e+00
1.981250000000001066e-01 3.398750000000001492e-01 1.471249999999999503e-01 2.645770371754327943e+00
1.236250000000000959e-01 2.011249999999999982e-01 1.286249999999999893e-01 1.743293954133310564e+00
-1.451249999999999485e-01 9.612500000000001599e-02 5.456250000000000266e-01 2.521645936902340956e+00
-1.353750000000000231e-01 2.416249999999999787e-01 6.081250000000000266e-01 2.319036825004733515e+00
1.343749999999999112e-01 -3.750000000000142109e-04 1.841249999999998721e-01 2.627188323078147203e+00
1.773750000000000604e-01 1.436250000000001137e-01 1.256249999999998757e-01 2.287683842237779874e+00
-2.048749999999999183e-01 6.123750000000001137e-01 5.973749999999999893e-01 2.240792746556055537e+00
-1.578749999999999876e-01 4.118749999999999911e-01 4.306250000000000355e-01 1.499537994140164310e+00
3.328750000000000320e-01 4.196249999999999147e-01 -3.266249999999999432e-01 2.625861118323845833e+00
4.612499999999997158e-02 3.387500000000009948e-02 2.556249999999999911e-01 2.460479268857372670e+00
1.623749999999999361e-01 3.911250000000001670e-01 -1.041250000000000231e-01 2.145891381482869509e+00
-2.818749999999999867e-01 2.526250000000000995e-01 7.328749999999999432e-01 2.383049303158287557e+00
1.621250000000000746e-01 3.638750000000001705e-01 -1.421250000000000568e-01 2.103256577351797496e+00
-1.506250000000000089e-01 6.351249999999999396e-01 4.911250000000000338e-01 2.457669805901353310e+00
-2.333749999999998881e-01 3.983750000000001457e-01 5.708750000000000213e-01 1.623496325222557157e+00
8.637499999999986855e-02 4.103750000000001563e-01 2.441249999999999254e-01 1.616333662983717279e+00
7.787500000000013856e-02 3.801250000000000462e-01 8.437500000000008882e-02 1.686932487685757653e+00
-1.588749999999999885e-01 6.476250000000001172e-01 4.461249999999998828e-01 2.629349311633517594e+00
-2.318750000000000533e-01 1.651250000000001883e-01 4.323749999999999538e-01 2.666137803538586759e+00
-1.973750000000000782e-01 3.691249999999999254e-01 3.096250000000000391e-01 2.502327659508135849e+00
1.608749999999998792e-01 2.241249999999999076e-01 1.111249999999999183e-01 2.151397279718853195e+00
-4.062499999999991118e-02 2.968750000000000000e-01 2.346249999999998614e-01 1.288187575848729782e+00
-1.338749999999999662e-01 1.188750000000000639e-01 5.498750000000001137e-01 2.672112078566240445e+00
2.518750000000000711e-01 2.938749999999998863e-01 -1.828749999999998987e-01 1.959055314798019420e+00
-2.937499999999992895e-02 4.228749999999998899e-01 2.286250000000000782e-01 1.719130532323593252e+00
-1.273750000000000160e-01 5.663750000000000728e-01 5.573749999999999538e-01 2.567928831069951734e+00
-4.706250000000000711e-01 7.023749999999999716e-01 8.721250000000000391e-01 2.647547092501959298e+00
2.206250000000000711e-01 4.418750000000000178e-01 -8.037499999999997424e-02 2.669717991602551965e+00
