3.448750000000000426e-01 -8.388750000000000373e-01 8.973750000000000338e-01 -8.981249999999999512e-01 2.604689453706483970e+00
4.063750000000001528e-01 -7.898749999999999938e-01 9.411249999999999893e-01 -9.886249999999999760e-01 2.283600105444964612e+00
3.608750000000000568e-01 -8.851249999999999396e-01 8.673750000000000071e-01 -9.091249999999999609e-01 2.935414656103054298e+00
-1.036250000000000782e-01 6.328749999999998543e-01 -3.637500000000004619e-02 -1.983749999999999680e-01 2.745980752171671924e+00
-1.971249999999999947e-01 6.988750000000001350e-01 -5.912499999999998312e-02 -1.428749999999999742e-01 2.543348511827437264e+00
-1.537499999999991651e-02 3.558750000000001634e-01 -9.937499999999999112e-02 -3.373749999999999805e-01 2.990718205825031895e+00
1.606250000000000178e-01 8.571249999999999147e-01 -7.553750000000000187e-01 -1.528749999999999831e-01 2.763394303042326250e+00
1.616249999999999076e-01 -3.283749999999999725e-01 8.393749999999999822e-01 -9.631250000000000089e-01 2.269659883622690888e+00
-1.733750000000000568e-01 7.333750000000001101e-01 -1.351249999999999396e-01 -1.503749999999999254e-01 2.848190115658822297e+00
1.501250000000000639e-01 9.481250000000001066e-01 -8.586249999999999716e-01 -1.523749999999999272e-01 2.817025506850789895e+00
-1.868749999999999023e-01 4.733749999999998792e-01 2.087500000000019895e-02 -6.962500000000004796e-02 2.377577049888877525e+00
2.721249999999999503e-01 8.396250000000000657e-01 -9.598750000000000338e-01 -7.337499999999996803e-02 2.639295228825876638e+00
-2.896250000000000213e-01 5.013749999999999041e-01 1.896249999999999325e-01 -1.226249999999999840e-01 2.383337982117260445e+00
-3.248750000000000249e-01 7.096249999999999503e-01 7.237500000000007816e-02 -1.286249999999999893e-01 2.534013069540544727e+00
4.173750000000000515e-01 -7.933749999999999414e-01 9.116249999999999076e-01 -8.963750000000000329e-01 2.886885994713148662e+00
