-2.117039561634013189e-01 3.759027649880888333e-01 1.314142135075396567e+00 -4.736602215174811059e-01 2.809474311689045045e+00
7.081626658314483791e-01 7.714938079281863370e-01 -9.703247514834444365e-01 -1.756374907713590616e+00 2.383884403906059823e+00
-1.230756574055929198e+00 -8.660537438366473495e-01 -3.953733495874300341e-01 1.697779542882130510e+00 2.824896710015995627e+00
2.470267130705671721e-01 4.402486308003807913e-01 8.043435108399369371e-01 -1.695178344732346964e+00 2.387494378408005602e+00
7.473752648676852406e-01 1.522134795126725226e+00 -1.061996217659167296e+00 -1.755030905049183243e+00 1.853015360021650126e+00
-1.398208877792330940e+00 -6.355981647572750415e-01 -2.323475362319479542e-01 1.979453892916053448e+00 2.367893404620105002e+00
-7.076263094337902348e-01 -3.159217291345864376e-01 1.520713063906056428e+00 2.327640079411510965e-02 1.142262989244961613e+00
-1.679495743929912743e+00 2.291929503043901584e-01 1.129542794233457714e+00 1.378329905580607972e+00 2.231491213526834105e+00
-1.489979293581834119e+00 -8.930612122136456499e-01 1.655439328652575703e+00 1.324895608230731936e+00 1.162871981689011625e+00
-1.991827927631314166e-01 2.099127291489301661e-01 9.239316605262561932e-01 -5.879825262889438742e-01 1.732399437349189331e+00
-3.003606770609910659e-01 1.217031962542636236e-01 9.242574160328074218e-01 -2.673579929679550382e-01 1.289925241727419847e+00
-1.291537015317697712e+00 -6.249591232497997417e-01 8.156455757596322576e-01 2.315549081258207575e+00 2.199896159828115927e+00
-7.894963731457861345e-01 -6.097377679518256599e-01 1.703172663016976784e+00 -3.953198966248822055e-01 2.629900401321892733e+00
3.086057838557434985e-01 9.732276406230233601e-01 -1.149838290424012310e+00 -1.205916773100936146e+00 1.319235606378333037e+00
-1.348714466409541624e+00 -4.015418701383644540e-01 1.071897287443064617e-03 1.764068627237604936e+00 2.658217785601857841e+00
-3.593845605553469547e-01 -3.986940657004545141e-02 7.688081514800666483e-01 3.824273846655425885e-02 1.673003681846228607e+00
2.933640039585720394e-01 9.963606905477053743e-01 -9.993234001871250660e-01 -1.185037452576905181e+00 2.056365368376787739e+00
-1.183331150194777193e+00 -1.207671862335101265e+00 1.204215406424904433e-01 1.915617173297058162e+00 2.718039887059249260e+00
-9.700969150289355802e-01 -7.379591762693791246e-01 1.567361032205877969e+00 3.199978265905213393e-01 2.175896657279532853e+00
-1.612073981873010542e+00 -7.108749468482802314e-01 -5.479170433734890100e-01 1.852118787119665821e+00 2.366443058515119713e+00
-1.045802931838536454e+00 7.743845458031378692e-02 1.103053544789923901e+00 1.345630706575763336e+00 2.067360849366173703e+00
-2.494415393716060414e-01 -7.025802154242327680e-02 1.378471604098461478e+00 -4.006440706159503096e-01 1.458665658513600194e+00
-1.390943702645834612e-01 2.317092400232232952e-01 4.177969743706015371e-01 -2.620846718533873521e-01 2.549932455993416003e+00
1.940048634338656375e-01 7.575980522396714711e-01 5.355153520129199984e-01 -1.582502349375547901e+00 2.631999201902094576e+00
8.523787538445091183e-01 1.852960695772551070e+00 -3.629639798980521248e-01 -2.262504361830840249e+00 2.400505594372353890e+00
-2.528459802895322017e-02 4.891392278351189282e-01 9.837696407519965769e-01 -1.865490799626806862e+00 2.215088717046004962e+00
-1.168069184992085452e+00 -5.723575339765032410e-01 9.211199026476173390e-01 1.616109609650768109e+00 2.775864682630365898e+00
-6.063373518048235100e-01 -7.794634179426489506e-01 1.683554528637724923e+00 3.327991417376435779e-01 1.777088390883967417e+00
-2.159229444493214078e+00 -3.694751405191476490e-02 4.799361103106509763e-01 2.150776747322447058e+00 1.517319036459621850e+00
-1.032590733579912934e+00 -4.902016957915647510e-01 1.441982099804353545e+00 8.713522703807065062e-01 1.660193054976460969e+00
5.428797420331057388e-01 1.232710043970382419e+00 -9.301800887929229100e-01 -1.834088928664560525e+00 1.080441105379231548e+00
4.462578249408411524e-01 1.053387663272714603e+00 -1.133420402647318470e+00 -1.173357857467065557e+00 2.313389138683629387e+00
-1.364001115861106950e+00 1.140099683315436985e-01 1.653925366739412040e+00 5.800133835752097067e-01 2.458064007662540629e+00
-1.266416488382376970e+00 -1.017361688113388674e+00 1.068675454709068842e-02 1.555675813536743668e+00 2.906985103150472760e+00
-4.404408375514007323e-02 -1.209010126582723554e-01 1.067917701955586773e+00 -7.136593446829659904e-01 2.529440219132845336e+00
-1.353190898969759859e+00 -3.920310110454981456e-01 -8.235082707955198034e-01 1.864179681112211107e+00 2.603651678210452403e+00
-1.365589589338484178e+00 -3.339663062177188890e-01 -3.164802503246968990e-02 1.875814665921156532e+00 2.330879091506534273e+00
1.452554275194276046e-01 2.047870303498209865e-01 7.101930121670565477e-01 -1.328431030207921859e+00 2.704280528056822952e+00
-1.478688253349855541e+00 1.555836158056705942e-02 1.020382295376001780e+00 1.298544489788119094e+00 2.580057823045260434e+00
2.231410954750206455e-01 5.463566381695152963e-01 7.207411348238916826e-01 -1.754830773790100329e+00 2.205870092405854521e+00
-9.137664795665989548e-02 1.255209701268459876e-01 9.703989066245568562e-01 -8.826252857000900232e-01 1.850270871135321515e+00
-6.859899445306094634e-01 2.365509148060679911e-01 2.127989141378615390e+00 -6.922508523257895341e-01 1.478938591057472607e+00
-4.138900165811806309e-01 1.061836815936051948e-01 1.179057821297139652e+00 -3.265408253430385765e-01 1.808390911048774585e+00
-3.977991005120289913e-01 1.231881083389124720e-01 9.435418184731585445e-01 -4.403618237371015320e-01 2.932133563318295888e+00
3.650624169926219298e-01 7.011826625132164814e-01 -7.486128164889817305e-02 -1.993757421617608383e+00 2.727285567451929182e+00
-3.760100201692573307e-02 7.321997293289239650e-01 1.852818184669867918e+00 -9.474826243413945193e-01 2.962565690672384733e+00
4.001628273498046284e-01 8.367245203298443457e-01 -5.181912934221512002e-01 -1.532202389159388334e+00 2.168340231940221852e+00
-1.811986508826748388e+00 -1.039707775399134393e+00 7.153978869450363653e-01 2.200098748296865470e+00 1.408133391422170755e+00
-2.453438564125184906e-01 2.761891510208035472e-01 1.323886308405706425e+00 -4.868698847285009568e-01 2.166525628054620789e+00
-8.712217439298555188e-01 -3.382734051409995168e-01 1.613246956198792770e+00 1.645469642215726391e-01 1.467927235227943328e+00
7.346706485094360861e-01 1.302648982427738078e+00 -5.400212506598708329e-01 -1.936490125903490345e+00 2.510262272110071358e+00
-9.686158222909708737e-01 5.335924498488285872e-01 1.562838480168853073e+00 3.155293939232123313e-01 2.708084686153642284e+00
-1.000308580653773260e+00 1.567949477207436493e-01 1.878658104375200200e+00 -3.618729236972156871e-01 2.311591799870312602e+00
-6.784823020885566436e-01 -6.205861942014696542e-01 1.708827248168639956e+00 4.581552478444348986e-01 1.372889972193332531e+00
2.307514878936412495e-01 8.416581262670586039e-01 1.330233119534064146e-01 -1.863992790102054986e+00 2.805275103482113508e+00
-1.262545137204048040e-01 3.105305863921881682e-01 1.153211003452254468e+00 -8.149039497680446997e-01 2.006501906744940555e+00
4.680799422417884492e-01 1.170051289351367041e+00 -3.006871483069698536e-01 -1.796301773920019329e+00 2.396582250807846037e+00
1.484335353569304350e-01 4.115763045053436597e-01 8.545621910639420449e-01 -1.350088756054407035e+00 2.718959908827547345e+00
-8.510509204053059995e-02 -7.698971256509140604e-02 9.425545357983219352e-01 -4.375399061665481426e-01 2.998785965692426281e+00
-1.916414497292636243e+00 -1.394257705017161175e-01 7.716928056221170618e-01 1.901157218750240352e+00 1.748261684457792953e+00
-1.196359683921543793e+00 1.343211917769047414e-01 -2.166729396535286289e-01 2.026920117380142106e+00 2.837297882227319157e+00
-9.868141810655575163e-01 -5.112107485542194407e-03 4.456526835465277059e-01 1.374765389720058906e+00 2.893620967102557895e+00
-4.076553936765585084e-01 -2.076345111101202678e-01 1.415017275297346888e+00 -6.864282023672902966e-01 2.391124879862462471e+00
-6.481611527219355295e-02 -2.327984270055937777e-01 1.236368240361186865e+00 -6.549027206254047773e-01 2.331007708732590444e+00
3.866610591988610124e-01 8.842312708497253038e-01 -9.542030503985833301e-01 -1.449558453292655757e+00 1.363213982563648896e+00
-1.297367229832814051e+00 -3.597899163281184642e-01 -7.716899380378386963e-01 1.892725344709573321e+00 2.501102882581403009e+00
3.548431806259488841e-02 5.120485656439619504e-01 7.016325412363727532e-01 -1.481880983916141759e+00 2.616600243576826745e+00
-1.357759321323790624e+00 -4.728995647567582616e-01 -4.432458070530575500e-01 2.144634970053722611e+00 2.340915041792428486e+00
-8.112928293078116582e-01 3.988578342611065475e-01 1.695302498311567430e+00 -5.140319063729692495e-02 2.277746960871747106e+00
-1.608914380174654712e-01 -2.357795449694825574e-01 1.162371216524814788e+00 -6.261276405080947738e-01 2.246584199409298765e+00
-3.733567878042779453e-01 1.589469923199307577e-01 8.351965567934558354e-01 -2.741411377566260743e-02 2.524537338355219429e+00
-2.400231175672092321e-01 2.754887610459387237e-01 1.241360883022172734e+00 -3.888413377693537565e-01 2.409265915298971272e+00
-1.243653965347508050e+00 -3.120038187019701925e-01 -1.318309986389878084e-02 1.724871204434316629e+00 2.735436523175165835e+00
-1.320951712240941545e+00 3.795033278684957767e-01 4.217304389503097051e-01 1.617598746478905003e+00 2.724153981992839313e+00
1.840939767405129213e-01 4.711820052015284199e-01 1.252316173698558188e+00 -1.429676593593172118e+00 2.826891153839620419e+00
-1.299740359921742749e+00 -4.518958486829136034e-01 -6.481453387049512793e-01 1.842495415743602427e+00 2.660174136843904247e+00
-3.614858084910823610e-01 4.513801493787743535e-01 2.199934245342928030e+00 -2.343650925635603621e-01 1.989521454795133648e+00
-2.730161754658643747e-01 4.251256486334628604e-02 8.087267886031280772e-01 5.598758160800446776e-02 2.580502959242273242e+00
-1.408713118737767167e-01 4.213164379964031148e-01 1.149296967708061556e+00 -9.558471617497715789e-01 2.282870645440294499e+00
-1.937457821817736847e-01 5.819297074907736622e-02 1.129289253083247901e+00 -6.446043638400305031e-01 1.416188050525291064e+00
-1.528408104121592670e+00 -6.244827172207680910e-01 2.969544654820313045e-01 1.518825666610348346e+00 2.859944599106542196e+00
-1.109509317990824973e-01 3.585108872314580197e-01 9.110066014631477138e-01 -9.274267995928328068e-01 2.360455213261565710e+00
-1.128635790873771860e+00 -2.681822282850567229e-01 -7.743161155086955016e-01 1.753852014319920105e+00 2.973613137128065187e+00
-2.500481154538115591e-01 4.134978211605924159e-01 1.099642119733021728e+00 -7.654282886255197038e-01 2.805629676532503947e+00
-6.077606011252343343e-01 1.916237793146760571e-01 1.484871970930315532e+00 -3.003233545084860734e-01 2.263668304789201891e+00
2.982568030443127349e-01 7.712156063933692796e-01 -2.931454366540484635e-01 -1.452250756917333074e+00 2.683875222914181347e+00
-6.281415677103601158e-01 -1.093862974494399509e-01 1.095927348113022726e+00 3.432243378704406545e-01 1.959131885207222146e+00
2.662506732036013513e-01 5.885047814387374121e-01 1.271040333585574944e-01 -1.538655937740702306e+00 2.566557966480124353e+00
-1.184831074335897627e+00 -2.784928218362702768e-01 1.300529557346120857e+00 1.107503990290827467e+00 2.018650544874492248e+00
-1.238971149538823147e+00 -6.551169839018908814e-01 -6.546987890886787897e-02 1.829754945106572883e+00 2.994908322001002876e+00
-9.446734217452781301e-01 -7.531419056630123121e-02 8.174244173692897242e-01 1.248091264764748409e+00 2.544857492332164295e+00
-3.445416044116639265e-01 2.958516341971059171e-01 1.135210103034040241e+00 -2.604228059849454380e-01 2.837040608446148138e+00
-1.462872211306421644e+00 1.194897883637019431e-02 3.144828801325920131e-01 1.719440671567228351e+00 2.530419418603693682e+00
3.574979357353069709e-03 5.478108538225829882e-01 9.160830265888291191e-01 -1.081256823871712847e+00 2.870372993698477870e+00
7.066078200715348867e-01 7.457587940558105810e-01 -4.579674557000221191e-01 -2.076463370257927821e+00 2.352835355860052768e+00
-5.730581796190781230e-02 4.726336944848826827e-01 1.085736379169185417e+00 -9.692364210981839756e-01 2.636787202380606931e+00
-5.341483989858000214e-01 -2.866779821392884120e-03 1.266476434689864927e+00 5.820092375039650490e-01 2.086882239606016931e+00
-6.243133022368885232e-01 -3.512860446054261176e-02 1.184580356317312733e+00 7.460414683152334359e-01 2.535166116260918923e+00
7.243482541826997689e-01 6.912680738355749810e-01 3.785513187871281104e-01 -2.388130034945118663e+00 2.548683583315074053e+00
-1.563373773657122046e+00 -6.270078895654038753e-01 1.990958961131969462e-01 1.714701445567371474e+00 2.307972688621024560e+00
-1.295017815011839657e+00 -7.063105238624598492e-01 6.899443121506376730e-02 2.187503621728904335e+00 2.613065199704991848e+00
-3.958316191084559899e-01 -2.596100582298035975e-01 1.686742165139362148e+00 -1.171589899990804762e-01 1.001695403685315622e+00
-6.059819278116467256e-01 -1.551147738673372412e-01 1.793293170763706534e+00 1.913064399157642370e-01 7.874867358024602026e-01
-2.963116088993050234e-01 5.409549254295931142e-01 1.594369078715635712e+00 -1.169025352588595190e+00 2.199056695930867722e+00
3.196347374111652706e-01 7.300206250237684102e-01 -1.222202412053845499e+00 -1.353260147386528889e+00 2.941047524481922082e+00
-2.733174509857997370e-01 -1.316342163725375825e-02 1.212147140850209137e+00 1.280266714371307291e-01 2.405327042334689303e+00
-6.828726933914319730e-02 2.935443415940797718e-01 2.649917257064811071e-01 -5.755734445877325189e-01 2.288872032183179250e+00
-1.629703738060431339e+00 -7.259256340812603181e-01 -2.463363532556837876e-02 2.130390216981785212e+00 1.809025021323305893e+00
-1.009600684878162458e-01 1.838465397669273305e-01 7.644345504956254755e-01 -7.078094661497913442e-01 1.934103862241946414e+00
-6.394617286845238890e-02 3.129742579987287998e-01 1.014179945156761242e+00 -6.362619922257360949e-01 2.865560447699052382e+00
-1.389135589505454016e+00 -1.061362965061329655e+00 1.442926003475553109e-01 1.601022087391125615e+00 2.486764004375278336e+00
-9.068603549458094104e-01 -1.112745870728754083e-01 8.974554636919586104e-01 1.136563962238621883e+00 2.661713378998408430e+00
1.006591480302221342e-02 4.721354574358334055e-01 1.109147623879132460e+00 -1.514140400468895864e+00 1.926533749898591719e+00
-1.006024595731305205e+00 -5.086322559013496392e-01 1.648949429437395864e+00 1.125799619862506207e+00 1.698522610539326294e+00
-2.295015684632155106e-01 -1.098641331934118726e-01 8.662954156274278450e-01 -4.647370639165269712e-01 2.909270824231672492e+00
4.546778535340550431e-01 1.210374241143856278e+00 -1.583936562796944614e+00 -1.633468996108584648e+00 6.967632210998890852e-01
-1.514729248020076025e+00 -1.029703073964336912e+00 4.061829499058296211e-02 2.230327692537920292e+00 2.133549686040290716e+00
8.232680028495868996e-01 1.229923583584178415e+00 1.024576212578133250e-01 -2.384585576176027732e+00 2.666486553196349085e+00
-4.656531252618815730e-01 2.675826163429949611e-01 1.357344649499526268e+00 -4.345091462594860565e-02 2.641677700325930633e+00
-1.539354678688993783e+00 -6.005308676218751307e-02 -8.575766909318059961e-01 1.996240057356977182e+00 2.260425182952830347e+00
-1.617757125356684256e+00 -1.030426530642287286e+00 1.389006116170232730e+00 1.462251020499354404e+00 1.268436670258025867e+00
8.259927687683601416e-01 1.555941110072465383e+00 -1.438536129480554870e-01 -2.633683600086092813e+00 1.514751872546882483e+00
-1.074014828004933531e+00 -2.548143126047941465e-02 3.431654103000249534e-01 1.495667774488612656e+00 2.803639290479302382e+00
-5.974974018705848655e-01 -1.257626164424804904e-01 1.218232307046504648e+00 4.632176492703719561e-01 1.624813164568562618e+00
-2.019725266280117393e-01 1.834214084421784685e-01 6.860239709406169561e-01 -5.822820352920822229e-01 2.673021445361216664e+00
-1.612073981873010542e+00 -4.218450922146597670e-01 1.395757946455494114e+00 1.157987151129686865e+00 2.136153156802669706e+00
3.917150511648487821e-01 1.023020951176296212e+00 -1.212179244988941251e+00 -1.241073628426891506e+00 1.301897647818182957e+00
-4.129767265402521925e-01 -1.343199942896671772e-01 9.343419178763351374e-01 -3.367354901454567839e-01 2.791455484409123500e+00
-8.135632836860826056e-02 2.134062530876534025e-01 2.614211517713413424e-01 -4.931373287212455492e-01 2.654093079632412255e+00
-2.666843014208097884e-01 2.511700950528296117e-01 1.203855842465685999e+00 -1.658730878068787329e-01 2.776232127239098180e+00
-1.763823615875436346e+00 1.870985542142007685e-01 -5.966448921414906348e-01 2.020399533952164983e+00 2.196827703711345503e+00
-1.460261457966757770e-01 1.624380285814007174e-01 9.233221861471903047e-01 -7.668849613339950855e-01 2.045983303945039022e+00
3.545667022463307450e-01 6.172286280749272880e-01 4.135981684298546401e-01 -1.937343600003185617e+00 2.096275034046235053e+00
-3.378014661028126420e-01 1.773771099097998238e-02 9.812942863437693619e-01 -1.311842377403519277e-01 8.842687764894737734e-01
1.147804324209197868e-01 7.065054123078342574e-01 1.196022311124969262e+00 -1.681932397460093487e+00 2.263655636942726979e+00
-9.284311570851220274e-01 1.002498199168282422e-01 2.075081825987444173e+00 3.034078230224908357e-02 1.151123009038944600e+00
-1.354703279347231115e+00 -1.600291105490540655e+00 7.110788515733192927e-01 1.571577049209349486e+00 2.084226126083662756e+00
-1.277016750854370608e+00 4.541307734864243884e-01 1.189697581505212653e+00 9.151922133571148699e-01 2.976604471667950058e+00
-1.965440591475251242e-01 1.528617670564515196e-01 9.140108883411158791e-01 -6.150107996959509604e-01 1.996832961094950454e+00
-1.323580234729700322e+00 -5.157346972934500062e-01 5.531270452546825922e-01 1.591596494432671482e+00 2.594203088119593215e+00
-5.853291407608207653e-02 3.969891012756315285e-01 8.215155277510101106e-01 -1.160652065178297443e+00 2.580514069186550685e+00
-1.434536416376573920e+00 -4.962247974675986772e-01 1.384798679880779204e+00 1.063402106185890927e+00 2.243055622628786328e+00
-1.064982015718443087e+00 3.851276003626854516e-01 1.864463089582068633e+00 2.779238925565514218e-01 1.809587204202024902e+00
-1.743389375685127363e-01 1.189155591676233081e-02 1.275181467894227705e+00 -5.966570866157098335e-03 2.968076577326784093e+00
-6.828181098521342030e-01 -8.347737027870727466e-03 1.265021264608198415e+00 -6.820565841832809673e-02 2.596863480540495317e+00
-4.412997116294943845e-01 -1.276154910815741061e-01 9.024213782207627377e-01 -3.348862667022518558e-01 2.997854275212281205e+00
-6.404879528395641675e-01 -1.204241178953577851e-01 1.295403122511679772e+00 -3.504620558755130455e-01 2.516124320532972192e+00
-5.488948423708531754e-01 1.155513856482848212e-01 1.299137142659945177e+00 7.809784451080378775e-02 1.896888820061746639e+00
1.360829535022625159e-01 4.499362219205137459e-01 5.991075372401828414e-01 -1.306416129920950908e+00 2.559228613832307264e+00
-3.762158900929782335e-01 6.124042035074831469e-01 1.842472723282725156e+00 -9.858521317361107483e-01 2.264416964723031889e+00
-5.029772582284854909e-01 -6.561090156429955078e-02 1.049391247280808681e+00 1.660367604738291480e-02 1.413033283936972584e+00
-3.934117163160093522e-01 6.593124317786036581e-02 1.167064397180174407e+00 -1.029471864485062005e-01 1.395995411500098760e+00
-2.328611237930516276e-01 1.701828423506256960e-01 3.373272489514836381e-01 -2.325233919561829898e-01 2.801295215113929427e+00
-1.706303968077075517e+00 -8.297570351166623226e-01 1.414046259004454464e+00 1.214249343648375223e+00 1.769837132638434785e+00
-1.505074238426006294e+00 -5.101217495879500907e-02 5.579630863138134167e-01 1.567463840666782016e+00 2.760973107222534306e+00
4.507184641694931826e-01 9.236541442036723115e-01 -1.155367588062415907e+00 -1.079985623048041576e+00 2.274799117655353253e+00
-1.656371207226730036e+00 2.299610824824555033e-02 -4.285709005405057836e-01 1.863630990018510625e+00 2.625193705602573147e+00
-4.279360153492112184e-01 3.071670901671219589e-02 8.104776512712175141e-01 -8.574922676584332409e-03 1.961931672526262771e+00
-1.601225240598812549e+00 -4.922634545995959177e-01 8.069170149285883609e-01 2.006958573569857407e+00 1.522230924407614872e+00
4.025501909553357849e-01 1.076782156262109602e+00 -1.880484460209317366e+00 -7.662970697386477514e-01 2.991218994806085441e+00
-1.445867768619587768e+00 -1.156325126582519403e+00 -1.019742578018982604e+00 2.893102367759718074e+00 1.704249426462517869e+00
-1.794228220212032321e+00 -1.969530900801406137e-01 3.313452974503869886e-01 2.029225212079253104e+00 1.836040422688133500e+00
-1.188618354659743082e+00 -4.108052988610555456e-03 1.452936850019186821e+00 6.370284784776584219e-01 2.751129769448761753e+00
5.444510088634775258e-01 8.495864589495039088e-01 -2.281559971758595040e+00 -7.256195820224488058e-01 2.168713855623914721e+00
-4.770972421162289479e-01 -1.885333603612180942e-01 1.086948771738093233e+00 1.884740093800899574e-01 1.436261612234835505e+00
-2.233808750663665021e-01 1.910832075298856680e-01 9.869544305062371015e-01 -3.677384747353428240e-01 1.838490239862603515e+00
3.162900321593726249e-01 3.161204506167518691e-01 1.373731389311150908e+00 -1.839321173338906323e+00 2.403733293963621787e+00
-1.377043738764195835e+00 -2.979584653375832448e-01 -1.165934180079005456e-01 1.908576233734713634e+00 2.299115562428122317e+00
-4.058332891030296818e-01 1.021152586563296438e-01 9.314713416951309055e-01 -4.086283241896576657e-02 1.737731209293652768e+00
-1.026401274759743298e+00 -3.126353752260475072e-01 1.781817474990939898e+00 6.977917379119454866e-01 9.076452267593321244e-01
-1.832069526666544990e+00 -1.115844054223905424e+00 2.080441306103023358e+00 1.736384808784030565e+00 7.536048533052520648e-01
-1.219343471940347756e+00 -2.305194111796604051e-01 9.885690847743451581e-02 1.620840493662978110e+00 2.990891732147327620e+00
-1.354703279347231115e+00 -5.956130042911895739e-01 1.480775785321343463e+00 9.898338339847018164e-01 1.985223561805532722e+00
-4.867266385949607366e-01 -3.612595256434364965e-01 1.981178079546673798e+00 3.179086776988577362e-02 7.640314465883096817e-01
1.848893743628441944e-01 7.156087552431614762e-01 -8.290113994040143597e-01 -8.649619806521626764e-01 1.796195373031887588e+00
-1.231451247785655678e-01 7.375271445337031606e-01 1.657097106811089571e+00 -1.687875518833657384e+00 2.062830186696133161e+00
-1.073505963349149939e+00 -2.176047066633420290e-01 3.192553446974780162e-01 1.532979644975211775e+00 2.922088000081977555e+00
-1.554478644573226154e-02 3.375031720426888149e-01 9.146819450669925189e-01 -8.762501784461533827e-01 2.610173475842708868e+00
-1.323580234729700322e+00 -4.288083798432822946e-01 8.785346946370364840e-01 1.427770746920482781e+00 2.266588524223476675e+00
-7.543448194998354506e-01 -1.023281277989923632e-01 1.822490775522818129e+00 5.483288542487328998e-01 8.782530829106458548e-01
-8.890990697847547253e-01 -2.065599651454324559e-01 1.549908271634916401e+00 8.781028295256367855e-01 1.256503399318217529e+00
7.511486767181945190e-01 1.338934185085723927e+00 -2.358042729703772322e-01 -2.105834634105186787e+00 2.721995941876734992e+00
-6.771088027922309571e-01 -3.479505113132242422e-01 1.444308511402055517e+00 -2.065915124461345509e-01 2.192974477346472995e+00
-1.730785758343826863e-01 2.857795163140309791e-01 1.860514467294360541e+00 -9.070603403407041521e-01 1.614658801446617664e+00
-2.594349544430610832e-01 -2.142272574021094056e-01 1.388354885509741843e+00 -6.481918915285573846e-01 1.821011381551723485e+00
-4.157175601203059179e-01 1.158922391137975627e-01 1.392177231460158149e+00 -6.464651554650369114e-01 1.985709087081666935e+00
-2.800908082556166634e-01 -9.003410411461842955e-02 1.031810094092791008e+00 -4.235142600721009121e-01 1.817628737350959867e+00
-6.321730254482182954e-01 5.503507132241763911e-02 1.595467334659914416e+00 -3.451960341315564174e-01 1.856830466270347646e+00
6.384836108267333277e-02 7.336516295748801708e-01 9.211412482654165457e-01 -1.720020061469468731e+00 2.526436145614283646e+00
-1.224547429877581139e+00 -4.240377803531583667e-01 8.500991169860308005e-01 1.414132758082910390e+00 2.578917139415341175e+00
5.239883960871130064e-01 8.074934257470316457e-01 -1.116912319643609042e+00 -1.383850628475112199e+00 1.941981926261062918e+00
-8.723706796601549129e-01 2.232612892980067043e-01 1.615542184923665303e+00 -1.443878489889588168e-01 2.661996695697954607e+00
-2.867046599997112866e-01 9.500991088127339057e-02 1.215866761473255897e+00 -1.085324773023649048e+00 2.477451283560579753e+00
-1.016053847635745022e-02 3.269600496323452621e-01 7.123485233271829031e-01 -1.134665172477217654e+00 2.753966747328886910e+00
-1.425900060733827912e+00 -6.832313673610024285e-01 -2.445879847109168892e-01 1.992270279367032160e+00 2.310670601810283831e+00
2.033137925044568584e-01 8.325572548130844019e-01 9.421490005566274251e-01 -1.790388838117199066e+00 2.530420777276820576e+00
-1.248426589118498686e+00 -3.652271658441533231e-01 9.358334238655096060e-01 1.432296406866622185e+00 2.382895497181388933e+00
-5.485611757078323603e-01 -2.385295725391591293e-01 9.486063381670948313e-01 3.933045404572311221e-01 2.955393805626530312e+00
-1.122570290876294230e+00 1.125109041531310861e-01 1.825522874490259628e+00 6.378913875258529487e-01 1.267849028325898297e+00
-2.177041723681546470e-01 2.454180890263713555e-01 1.378170703438534428e+00 -4.981604672747072526e-01 2.003880818988471813e+00
-8.278719417224544852e-01 -1.608351931890829589e-01 1.146385332545190039e+00 6.364133090987503794e-01 2.830876750858962509e+00
5.321355897543997848e-01 9.265054351338160021e-01 -8.441328879931297990e-01 -1.413575049864616462e+00 2.805975223456498746e+00
-4.419162216900717199e-01 -9.195884259058628718e-02 1.120015882279535413e+00 -5.054739882496787073e-01 2.649289156184925886e+00
-4.425329242228539517e-01 2.312986710971049187e-01 1.525590603049183924e+00 -1.214804781606461326e+00 2.347388489668728262e+00
-6.984340427076988211e-01 -2.319332567673706991e-01 1.422952232193213984e+00 2.151465394874762516e-01 1.185604202023675002e+00
4.249053744508191621e-01 1.329359324577531254e+00 -6.006251148214973856e-01 -2.349547978265270398e+00 1.914411299265522226e+00
-6.962079652891896009e-01 -3.263776228798532242e-01 1.440772163958097929e+00 1.333550226280864337e-01 1.217517955175729583e+00
5.276609040963282649e-01 1.380196752978106733e+00 2.569157663544043846e-01 -2.261369962304681458e+00 2.493178523328046570e+00
-1.441259758955266923e+00 -6.248692933739881106e-01 8.069129567224408994e-01 1.939532827158554795e+00 1.984106662716351055e+00
-2.585277363379729354e-01 1.198182554804572142e-01 7.757643557273025126e-01 -4.300953437467843199e-01 1.988983260866473701e+00
-1.407685998996694554e+00 1.568434605223225087e-01 9.366925824796780153e-01 1.312429539530211908e+00 2.787231593318663325e+00
4.103147028358355430e-01 6.860256972952014642e-01 1.254937250110832236e+00 -2.119304211628143975e+00 2.448400433413006727e+00
-1.469903268314352029e-01 -3.160888812462778197e-01 9.962759798098234088e-01 -2.451034519586453297e-01 2.978327336959086136e+00
-1.882649891955227250e+00 -5.358486398669177753e-01 2.403479423913332802e-01 2.611720559811594011e+00 1.321630760488087475e+00
-1.649309448252274324e+00 -4.817090458978046663e-01 -6.193352463464992796e-01 2.314005709262986432e+00 1.646362865860067526e+00
-8.003937489246546466e-01 1.209137119387299619e-01 1.464996275166253970e+00 1.258910671018066696e-01 2.214018275779268574e+00
-2.615508646567715201e-01 1.244826932789410423e-01 1.462083365960503034e+00 -5.233745012032198218e-01 1.392068413270171057e+00
2.340141953145546405e-01 6.678474593280627758e-01 2.793685351314967868e-01 -1.562003806658247340e+00 2.536985576888450833e+00
-1.267455849997958683e+00 -8.854542148654254152e-01 -1.030687597715011089e-01 1.744319534230581947e+00 2.595448482689071579e+00
-5.733902960799852622e-01 -1.186343788161869917e-02 1.166639795942879143e+00 -5.643624301061415938e-02 2.014785520982377953e+00
-1.857922195643040564e-01 -2.949731817678528656e-01 1.269968988075753202e+00 -1.648254240309659363e-02 2.820388999687791998e+00
-1.304559958818491738e+00 -5.744332696678144945e-01 9.928339216296201419e-01 1.348724660009033904e+00 2.236363310213463240e+00
-1.387366133090931930e+00 -4.245508912672733559e-01 3.878331736776002847e-01 2.090195171346809211e+00 2.105781861176288405e+00
-4.653407396110559313e-01 2.738867109262039246e-01 1.350876908836980528e+00 -2.308835406803192714e-01 2.332993770097464115e+00
-1.285402246750467214e-01 -4.482311025917899427e-01 2.407647539703777539e+00 -6.099921899105905654e-01 1.340476225360328622e+00
-3.027592258623875709e-01 4.812185600988866385e-02 1.196205003171086023e+00 -5.559292359946678141e-01 1.658684238364339203e+00
-7.677052336910892283e-01 -6.389505186194868180e-01 1.582016660574861788e+00 -1.558291278300036886e-01 2.536645759068690165e+00
-1.443406013050013703e-02 -1.542885880375051144e-01 1.501421794707708646e+00 -7.712927740670773025e-01 2.343084167573886045e+00
-3.912957137422027332e-01 -1.011714109651832283e-01 8.410095856347039600e-01 8.575461987918500673e-02 1.915341362834442451e+00
-1.158352637838409915e+00 -3.053236243207231859e-01 7.381495322768660827e-01 1.268037527421220556e+00 2.991836720205669042e+00
-1.543149448086780895e+00 1.388375901500508158e-01 1.051945990559957356e-01 1.757790542719998239e+00 2.615901609830456387e+00
-4.064405275536268070e-01 -9.664024457606196217e-02 1.307918207023601287e+00 -1.928950981049348257e-01 5.768619790835267658e-01
-3.500861499780668074e-01 9.750292566020746232e-02 1.039407291556092128e+00 -1.450374621778166215e-02 1.918279683178659711e+00
-4.714431680848580886e-01 8.208865298685030787e-02 7.888736053644003210e-01 9.665086873007786017e-02 2.901080798502829960e+00
-1.667605430013126833e-01 -6.803017218327361837e-02 9.459719343768184796e-01 -6.637046240219947046e-01 2.438726883645802701e+00
-4.067441952372353731e-01 -1.219380756661590515e-01 2.087975094574392010e+00 -3.883132806348005284e-01 8.811238158597471948e-01
4.208104787676529290e-01 9.929104170926856821e-01 4.683823341926131034e-01 -1.956980294881153215e+00 2.812269982261932366e+00
1.196176343303784195e-01 8.403518892310839483e-01 8.402863060567742348e-01 -1.597743168204708741e+00 2.968094718877015481e+00
-7.209486265794994297e-01 1.294608127696074973e-01 1.274849712789542400e+00 8.395964315195477701e-01 2.624281723098714103e+00
-1.478688253349855541e+00 -7.320380288089336496e-01 2.043407950510685855e-01 2.057806280557873180e+00 2.149762177002888741e+00
-6.098182762609649643e-02 7.066853181785899274e-01 1.394695848267486049e+00 -1.405758878647047627e+00 2.652132281021641447e+00
-1.045802931838536454e+00 1.575832201432606494e-01 1.626228500296204915e+00 6.834422747995175795e-01 1.558131433448510128e+00
2.554195783622338900e-01 8.195108084154165695e-01 -1.045302133248277254e+00 -1.353556523278981460e+00 2.119596386049445336e+00
-6.895773136127157921e-01 -2.854257262851019328e-01 1.485856926609952389e+00 6.252546663142035666e-01 1.679030332144968218e+00
-4.644039384500806000e-01 1.567305122477619106e-02 8.267560756789356091e-01 -8.470007760891741511e-02 2.934636233923063831e+00
-8.612490033990607974e-02 1.017347648654023939e-01 1.129849694276516825e+00 -7.461583574835418675e-01 2.137294959907603875e+00
-6.919803068019152459e-01 3.040440634238168460e-01 1.481739033709440934e+00 4.168213578905351213e-03 2.365798123908869677e+00
3.745828146656638435e-01 9.292815503124360887e-01 -9.756551714945530529e-01 -1.123327244513725010e+00 1.930465385424982028e+00
-2.715094773216422119e-01 -5.095141472384410175e-01 1.662235815553359641e+00 -7.684700167867750120e-02 1.627340708955031356e+00
6.789567504792328734e-01 1.524403948835623801e+00 -7.514651529167792887e-01 -1.983353608323975115e+00 1.712474188741539560e+00
-4.311540714995905077e-01 1.470138203814891908e-01 1.614818466571544597e+00 -6.567999229518520776e-01 1.626673466082690256e+00
-9.995561322182472397e-02 3.091462032577850239e-01 6.184487761099677350e-01 -6.958551209093465362e-01 2.216446271791366218e+00
-1.308241095017159683e+00 -4.102411844377135686e-01 2.996592943774887274e-01 1.524294752041635892e+00 2.954031085050430327e+00
-1.794228220212032321e+00 -2.544233247444611101e-01 1.277993273656872764e-01 1.681896196835955148e+00 2.618498926234241964e+00
-2.041393871508304647e-01 1.761776427416554824e-01 4.366072579025900846e-01 -4.115411615164961678e-01 2.250334802905611387e+00
6.708847501482031461e-01 1.315449209852244561e+00 -1.681416041981442788e+00 -1.023785452434225363e+00 2.831707624382051591e+00
-1.092927776689637254e+00 -3.465008609252337446e-01 1.524918969062427410e+00 4.555700456958715616e-01 2.376974340323037893e+00
-2.056856046474689337e-01 1.310548742748395834e-01 4.997473239536152079e-01 -2.949208154957075334e-01 1.253448871621469118e+00
-1.200317582227434565e+00 -5.407753797510903571e-01 1.297583357698044448e+00 9.778489878479453834e-01 2.424917659304415718e+00
-1.501960163531101289e+00 -8.394382695358482138e-01 4.640289920998914852e-03 1.717986516134895059e+00 2.270838234243911735e+00
7.695118562304087417e-02 1.227002751190309215e-01 1.176129690226677127e+00 -1.205593253191874714e+00 2.373684724498247522e+00
4.167697386583855690e-01 1.053468245456381291e+00 -1.165354048620296457e+00 -1.083494102811956905e+00 2.980986621144074089e+00
-1.918777401318181308e-01 3.068425712538952466e-01 1.265664049848779449e+00 -4.838256635390557059e-01 2.445947859577103589e+00
-9.119034746875833708e-01 -4.028402764608872144e-01 1.261413819486277177e+00 6.743062594297564161e-01 2.556444417025641958e+00
-1.070470425297306960e+00 -8.095825640437898096e-02 1.295246946030956581e+00 1.239146656783157496e+00 1.583844639274824440e+00
-1.647012132567424181e-01 1.251053720806798997e-01 7.268313263633803256e-01 -6.677744986125738746e-01 2.127083604735510836e+00
-1.061340419556995596e-01 2.752654799678541098e-01 6.462971788018031516e-01 -7.320787941038003899e-01 2.548045401869338367e+00
-5.040998087214904055e-01 -4.151946816086549141e-02 1.052457986401132528e+00 -2.401689600645722789e-01 2.423825576849873542e+00
-1.508239203949798934e+00 -6.010051624988423935e-01 7.734670761572249864e-01 1.459826610665544200e+00 2.432345137767041976e+00
-1.383870262954945529e+00 4.575316822990286303e-01 1.702970682162563865e+00 5.492917767576186439e-01 2.463508757718540831e+00
-5.699742359908425149e-01 1.745270628935847723e-01 1.656288922508329264e+00 -1.292560189262259351e+00 2.303651033481664001e+00
-8.048223707859178955e-01 -4.899211802099577295e-01 1.791354426338916728e+00 3.202811216725723886e-01 8.346931704192456225e-01
-6.410456505682963213e-01 -4.574778778845785543e-01 1.704546400648048632e+00 8.240213549541347549e-02 1.056926399704851915e+00
-1.253293028228076533e+00 -4.941745400579437564e-01 3.093844266831392020e-01 1.717695348179786086e+00 2.652658673723784055e+00
-1.241770277626544461e+00 6.867735726600598944e-03 3.122458314106362209e-01 1.678547523902180982e+00 2.441619985422198269e+00
-5.382701039676902610e-01 -2.929218397644183791e-01 1.285301967743936569e+00 8.734162050303528879e-02 1.407874764336785933e+00
-1.105104284296097639e+00 2.509432527981280692e-01 1.869622565150006022e+00 -6.111121863678857513e-02 2.343316355603948686e+00
-4.123680425127557725e-01 9.552212975127338801e-02 1.032183436079430194e+00 -6.820493279055558911e-02 1.629105643455321051e+00
-1.330286881873565363e+00 1.315456534902192942e-02 1.674763885118995432e+00 9.352940643770828455e-01 1.633458806099342242e+00
-1.036181448582510045e+00 -1.102022637391374404e-01 1.618275003802210676e+00 1.019030022363507371e-01 2.477279180892704158e+00
4.169709952377770312e-02 9.151355340458688925e-03 1.325161177345453911e+00 -1.170068131413759538e+00 2.120590795640510340e+00
3.325654082073731810e-01 6.562252625769091630e-01 1.615411949669306180e-01 -1.887903662400784333e+00 2.437698409480544726e+00
-6.390028458557146518e-01 -6.538453700656254863e-03 1.533825650329536217e+00 -5.653897660823420379e-01 2.235836990050303008e+00
-1.396363141354501458e+00 -4.754419519691286955e-01 -2.621764517180356219e-03 1.621248820423262904e+00 2.870255231013990382e+00
-1.377043738764195835e+00 -8.334714780001746259e-01 5.901395143418073364e-01 1.333184942661612249e+00 2.949803171662222834e+00
-4.241109830776137457e-01 -1.089004985995928321e-02 9.056561075693003726e-01 1.036468845170631925e-01 9.465469288707781814e-01
-8.850021374209574021e-02 1.412529746683061083e-02 1.247028529838396960e+00 -8.227334329729871776e-01 1.909234638799766515e+00
-1.179617846612297738e+00 -1.117065678786531624e+00 1.350529669335853722e+00 1.570002935527299304e+00 2.228178547575259572e+00
-6.188772629291316996e-01 -1.207692345052929217e-01 1.581267154628857696e+00 -6.056495676138982098e-01 1.979651699493502282e+00
-6.820276051326764621e-01 3.310256932633189320e-01 1.681224720204139267e+00 -3.281897460222708562e-01 2.267232666993758361e+00
-3.919001541204975014e-01 2.230881529100648963e-01 1.075285678448020921e+00 -2.512481931066082863e-01 2.255582915873932670e+00
-5.217112955791129991e-01 7.073485491226609856e-01 1.646647751757812417e+00 -8.477250434782379607e-01 2.894825015533875945e+00
-4.662780753960985014e-01 -3.419964315374345865e-01 1.392084779291393071e+00 -2.728398290809050386e-01 1.808389569338465730e+00
-3.318121866748142135e-01 1.258748506907917675e-01 1.389420766556566322e+00 -6.165132803384709703e-01 1.524825018544971877e+00
-1.223254375744871059e-01 3.121029235966806814e-01 1.346300481545257055e+00 -4.874991998559971007e-01 2.616123454346821475e+00
-6.290109218220107934e-02 2.257339757191804686e-01 7.485045913587303756e-01 -7.494000025559368616e-01 2.366247524620685105e+00
-9.620260357092418335e-01 1.757666736930004747e-01 2.257576958120457888e+00 -3.861703927864718611e-01 1.418929987949371974e+00
-3.078542443379155280e-01 1.162216787987667421e-01 4.477926030164594562e-01 -6.223472382429640765e-03 2.781770767772511643e+00
4.411879492826659144e-02 4.408182192472225314e-01 1.082259079670522484e+00 -1.291448409678269460e+00 2.279837370720435352e+00
-3.491868369496270441e-01 -1.564892834807133926e-01 7.949337432594948405e-01 3.513569540497823301e-02 2.557198570348689248e+00
2.245937873775230575e-01 2.888752749146816234e-01 1.009919069419377813e+00 -1.704576734312225117e+00 2.215215536813550656e+00
-7.854417847952711584e-01 -1.348134448202510383e-01 1.420022170428637986e+00 1.303942895282874381e-01 2.006179930978067016e+00
-1.240833744454099330e+00 -6.252525817027749788e-01 5.276047199648115082e-01 1.460686980563130177e+00 2.711258798796235769e+00
-1.096748014360617196e+00 -5.615138269096058288e-01 6.914359594906812623e-01 1.425816255958442413e+00 2.924965132113298338e+00
-4.233467357462323832e-01 6.919658520400548962e-01 1.967069232368411580e+00 -1.157951775644042725e+00 2.139330432999650977e+00
-6.509703856032225122e-01 2.416866714378707037e-02 9.694582842208749884e-01 7.728025491199671526e-01 2.958420499304678764e+00
-1.006436619222989215e+00 -3.455624440873316661e-01 -1.425018497738830270e+00 2.715581319258606019e+00 2.136276808444838693e+00
5.532659477118502256e-01 5.074018051281651287e-01 -5.412692319459784518e-02 -2.024886066608903690e+00 2.511408804765586478e+00
-1.438994093444720734e+00 -2.965402997940182472e-01 6.438992944431819465e-01 1.788056724665978869e+00 1.970338827338167231e+00
-1.121103383365454620e-01 2.262457005296189538e-01 3.855987293117443815e-01 -6.074085542310364572e-01 2.592546650929377083e+00
-8.063077412018135881e-01 2.109115522745365623e-01 1.610916895432597862e+00 -1.171776176849130824e-01 2.372005395024970209e+00
-3.825425015666135131e-01 2.580641760703459298e-01 1.565247489381503376e+00 -1.001007105740763903e+00 2.045698302079638431e+00
2.656051056788845677e-01 6.173573137241428199e-01 -2.175668187217059402e-01 -1.513792986682335640e+00 2.918238571999446140e+00
-1.450582321935721897e+00 7.371911551884963165e-02 7.875877464573504128e-01 1.910160541055925698e+00 1.515543197607835291e+00
-4.254872602203464971e-01 -1.321443822018639191e-01 1.083879069073328427e+00 4.452560830772241823e-02 7.787482248733760271e-01
4.020712621138484155e-01 1.228696078268989078e+00 6.226182829262788543e-02 -1.925558588868706567e+00 2.876061427487758948e+00
-1.335798298338821910e+00 -8.415481258043955304e-02 4.275573137181623018e-01 1.614222347443252659e+00 2.667249042327936692e+00
6.695667212896085907e-01 1.043241017830524253e+00 -9.101392528160449080e-01 -1.856515937548799400e+00 1.655870644161488769e+00
3.068002283152771459e-01 1.059112891424918601e+00 -1.698916763092839677e+00 -1.251052096084319443e+00 1.140400230282898830e+00
5.582031528292179523e-01 1.043802003697558600e+00 -4.435846457822240629e-01 -1.715331217285367416e+00 2.862359280659659611e+00
-1.289244630075091491e+00 7.024012744615254489e-02 -7.630128857311604951e-02 1.782424496746383369e+00 2.581418856178288479e+00
-1.275935507158193927e+00 -1.096685800192258586e-01 4.857490829827981749e-01 1.569391160857689593e+00 2.686129371739703675e+00
-1.417608674270919522e+00 -6.557673408428585926e-01 -3.148184904363380832e-01 2.742560470434417752e+00 1.979551130172134910e+00
-1.368801435152356749e+00 -9.423280559337761098e-01 -4.917267119204520309e-01 1.916788078810631957e+00 2.551567583183520949e+00
-3.580340981906791620e-01 1.295109222234480661e-02 1.209761078821620650e+00 -3.952515024033778079e-01 1.411801443623524666e+00
-1.563373773657122046e+00 -5.139190894033234258e-01 -2.402481264863383092e-01 1.762793934123761952e+00 2.613770972714892338e+00
3.642104406916475967e-01 8.701561687117751465e-01 -3.731980543461991262e-01 -1.805703616536271650e+00 2.506336163151792640e+00
-6.496516091934514403e-01 -6.170941769747668726e-01 1.647843801521450269e+00 2.516447848589957181e-01 1.537206163060745645e+00
-1.623629068613304804e+00 -1.917272422713407476e-01 -1.535877746677773437e-01 1.777260318552045026e+00 2.797699626937797390e+00
-2.999108780671091434e-01 2.152658494754941532e-01 1.161468489821464667e+00 -1.243196619734746322e-01 2.622144787829369772e+00
-1.642525369285488424e+00 -3.346452765302784793e-01 -5.218759388719832470e-01 1.916822280166500025e+00 2.488786352711903849e+00
-1.183578086153835862e-02 -3.544443904241061927e-01 1.390915047333080690e+00 -8.267268193010747224e-01 2.192556983054688935e+00
-1.882649891955227250e+00 -5.661629758001582857e-01 9.849684201083021007e-01 1.184467071989997455e+00 2.804485664721529492e+00
-1.479537780379826806e-01 -1.213335267986395682e-01 1.106519442468137715e+00 -1.914265354219009396e-01 2.893723625474989181e+00
-7.964736044383186053e-02 1.934350794315550515e-01 4.429140940576777319e-01 -5.147060196359790618e-01 2.602799347575116329e+00
-1.320951712240941545e+00 7.324467747015830921e-02 7.656308151663839823e-01 1.501643108485997136e+00 2.443687565658220429e+00
-1.342882093274326838e+00 -1.065350233553899573e+00 -7.478485425181643498e-01 1.899914116344352699e+00 2.423019628685481042e+00
-1.164559105392196869e+00 -5.307732370440827463e-01 -1.266596856329732235e-01 2.150520153062781770e+00 2.954944438420008535e+00
-9.347764121143484761e-01 -1.447188849631078078e-01 1.031315373314799277e+00 1.165652793406323218e+00 2.439096114328430875e+00
-1.028598280924446495e+00 -5.492967885714132859e-01 1.409457799014729451e+00 9.846843489777671321e-01 1.820212409291879441e+00
-1.484252953385136076e+00 2.436117230335775874e-01 1.660485639770648003e-01 1.754517573810240760e+00 2.505275339933688006e+00
-9.006460024395601671e-01 -4.557830829640169834e-01 1.239882255404853861e+00 9.462847784285456365e-01 2.288250488337778776e+00
-2.025911111967192202e+00 2.831141485944976832e-02 1.060952920688494894e+00 1.700619995014801988e+00 1.692409369328308655e+00
-1.365589589338484178e+00 -3.468797501497855040e-01 1.084324841282477969e+00 1.426582564680962673e+00 2.071540490969836057e+00
4.142710202968041266e-01 1.122455797650282028e+00 -7.046630459069639363e-01 -1.466797033370364156e+00 2.253366088192581440e+00
-5.608121163851749191e-01 7.906644189252753918e-02 1.572504388296307898e+00 -2.041674647422292432e-01 1.394733305746055141e+00
-6.911782840485509727e-01 -1.590777319414010238e+00 1.342101263567561542e+00 9.427381332385358359e-01 2.985836861243977403e+00
-4.943497384934649741e-01 -5.326456056948969398e-01 1.261730736892050286e+00 2.338730842208578409e-01 2.609256706344140309e+00
-1.257256597885205052e+00 2.965554992561133529e-01 -1.198315973661166822e+00 2.202515598353073312e+00 2.844430083789629027e+00
-1.425900060733827912e+00 -8.306811276629213481e-01 4.786081715314350893e-01 1.777787298126608739e+00 2.017776528584445561e+00
-1.751261263091310749e-01 3.917596059967288213e-01 1.034309656130944832e+00 -1.041185557026089725e+00 2.728634382788871715e+00
-8.477852521488464799e-01 2.255261266215591309e-01 1.786113053403141970e+00 3.822842024396937433e-01 1.689814817022590621e+00
2.105703778782329061e-01 7.134639999583278769e-01 -1.096423105346259641e+00 -9.560569858604139881e-01 2.532959839151700976e+00
1.150097491095918856e-01 4.262805564216445853e-01 1.074520723068049799e+00 -1.574183581563047829e+00 2.018024971831420711e+00
-1.948345362393445468e-01 1.792286362751892570e-01 1.142593741834103227e+00 -1.217911124692262925e+00 2.464266296840749160e+00
-2.209279150737900044e-01 -2.104207234351513911e-01 8.982844878045705972e-01 -1.549237767914488362e-01 2.638051955344937305e+00
-1.181096976845677604e+00 -4.067813364391474340e-01 8.027779195078366126e-01 1.341615257840126141e+00 2.654206767687385948e+00
-1.279193959748387233e+00 4.947468310786466983e-01 1.686253310668063277e+00 4.846704701676675664e-01 2.466330326922621996e+00
-5.356304159873626070e-01 1.736455073357110190e-01 1.836637614155545162e+00 -3.628483971544835818e-01 1.407680745277749113e+00
-1.481451018699209143e+00 -5.761439791449116665e-01 2.048546954648245766e+00 9.849400458518252632e-01 8.833887981646226795e-01
-4.456193642423593726e-01 -1.731732028746890695e-02 1.505340588447486194e+00 -3.913655240751828246e-01 1.154933813991010361e+00
-4.163270306479535665e-01 4.549275442418653781e-01 2.071471697615552721e+00 -1.826182356172847410e-01 2.140065417723847396e+00
4.001628273498046284e-01 1.115544967291650647e+00 -1.216086919023826041e-02 -2.569413927482607996e+00 1.636529146552151426e+00
1.452554275194276046e-01 5.205966492591488359e-01 3.592087281818491795e-01 -1.545638626046906605e+00 2.991224297109383201e+00
-1.960666314447385261e+00 -2.841468268737568637e-01 1.450097789254599201e+00 9.056318951199844314e-01 2.562409987131550881e+00
-5.694629036426572810e-01 -1.548157332209888493e-01 1.919626793375576845e+00 5.681912136763021121e-02 6.717770039101271795e-01
-5.554233327189178615e-01 1.006768672325815128e-01 1.162568661331235820e+00 1.462730441211293475e-01 2.020656217870509419e+00
1.801380266757219295e-01 4.977416141833918561e-01 2.556478897080790569e-01 -1.420580821523037551e+00 2.739862315601308662e+00
-1.489979293581834119e+00 -3.120651739514788692e-01 5.391020114535947094e-01 1.445082553138467230e+00 2.953517202504670092e+00
5.284014922641810941e-01 1.051033163802514991e+00 -4.155121413717977608e-01 -2.067442367057273245e+00 1.523211494865647220e+00
-4.527373348562289124e-01 1.178026265193689304e-01 7.470598937716822485e-01 1.386547570867875667e-01 2.750421395191206209e+00
2.031008172752168939e-02 -5.723559739052253015e-02 1.089986294788458654e+00 -1.392337222736666380e+00 2.976828506264880936e+00
-1.623629068613304804e+00 -8.987095323623035537e-01 7.154235119761076511e-01 1.511434706708489673e+00 2.160622064591658287e+00
-6.838076151547753945e-01 3.424889017363070276e-01 1.468094877760854455e+00 1.176160011595496213e-01 2.708389384742681649e+00
-1.514729248020076025e+00 -7.306879715975633793e-01 1.462194828183263073e+00 1.260455901648677157e+00 1.557592704902528213e+00
-1.521446255252096647e+00 -2.436139862141514789e-01 -1.035585144483024272e-01 1.748888360432931055e+00 2.859460622690241483e+00
-2.767806349496655938e-01 -2.808201707941554437e-02 1.243075950338752511e+00 1.259820965391132697e-02 2.006819269004599615e+00
-6.504048934493840139e-01 8.811989375897055776e-03 1.444241092865834464e+00 -2.172745532390040271e-02 1.562744761607806732e+00
-1.390943702645834612e-01 1.971612449136788403e-01 5.111618499643143521e-01 -6.868478495742574852e-01 2.901664291112171057e+00
-1.628433825785841060e-02 2.110431602603515810e-01 6.106568943326904364e-01 -8.119434891498261697e-01 2.679012813966286100e+00
5.015962179758750583e-01 8.823837274542580822e-01 -5.083230375042044891e-01 -1.612596286067271789e+00 2.721405979732424818e+00
-2.445843809762230092e-01 2.561863366185085367e-02 1.087862059380936275e+00 -3.858360626213502842e-01 1.331168363616499484e+00
-2.925605537915261234e-01 6.352865529716575366e-02 1.322986462536108077e+00 -1.089426983606317956e+00 2.214421075267203332e+00
-1.965440591475251242e-01 2.461777815284155457e-01 9.218198479450905314e-01 -1.054048360452083388e+00 2.769175921349495528e+00
-1.679495743929912743e+00 2.044682067585633922e-01 1.504641275703516134e+00 1.600813251949934068e+00 1.338499466959249595e+00
-5.208977785186206244e-01 -7.988460053276097428e-02 1.370310205518771918e+00 -4.922344570679537124e-01 1.942351583052560171e+00
1.910351201797617082e-01 6.910704480236737890e-01 1.226064030432148233e-01 -1.443232509565484989e+00 2.975865637869720803e+00
-1.191687664829843563e+00 -6.236028857053530494e-01 8.486611229090169628e-01 1.279967810195644651e+00 2.679493341310425603e+00
-1.053334333909910381e+00 -4.067844930332643050e-01 1.963534680931427800e+00 -4.623425282232057620e-04 1.312606491161564692e+00
-1.246506512192306237e+00 -3.669705699281222144e-01 1.187332205219432044e-02 1.852301423722682250e+00 2.602727231154978504e+00
-4.126723670142880551e-01 -2.254021802831295829e-01 9.655618465596550459e-01 -5.714380090278334268e-02 2.589392189964248470e+00
-4.756817742814596905e-01 9.925943761507605156e-02 1.118752890904362030e+00 -2.420954907242942877e-01 2.225079104063822921e+00
4.884746412861266651e-01 8.174308207737748244e-01 -2.057878933960368251e+00 -6.480463997275408561e-01 2.761033966348432234e+00
2.376035747757790362e-01 1.069331203923327367e+00 2.600350914307740235e-01 -2.205517645788640291e+00 2.663459819050664201e+00
-1.896957546507061498e-01 3.283229277286488501e-01 1.033374261257958837e+00 -5.798707311232401684e-01 2.394702419647220193e+00
-3.062061140827477823e-01 6.960454355427964090e-02 7.083998316129834771e-01 -3.027116495864226042e-01 1.782773461197668441e+00
-8.890990697847547253e-01 -8.414646830806482569e-02 1.608241015529731310e+00 1.210208010124297073e-01 1.869208014936207363e+00
1.783037481956528114e-01 6.551917878618491731e-01 7.145282527406742190e-01 -1.458481965200322472e+00 2.953073894145565426e+00
-1.102878443280711496e-01 3.034268038018386182e-01 8.412506739287165525e-01 -5.693685610251287832e-01 2.475181356282103451e+00
-9.509522876258100776e-01 4.024260786203295859e-02 1.505624677916632237e+00 4.476947702250141936e-01 2.008929866353923899e+00
-2.982614115769495755e-01 5.539807060249593573e-02 1.321798703246009454e+00 -7.677720796706629658e-01 1.804265651328940345e+00
-1.182179217169330721e-01 1.922335935173832278e-01 7.645886858315141810e-01 -4.884057416171301291e-01 2.457466863911892840e+00
4.771690453801387677e-01 1.011447428131905468e+00 -7.527617950392359036e-01 -1.372163777998172796e+00 2.706441228114473851e+00
8.372838090003369427e-01 1.045221281601732555e+00 -9.078663453977097175e-01 -2.083263499579472100e+00 1.852959043510500781e+00
-1.260271874669393721e+00 -1.082941540194851004e+00 1.638641903749505080e-01 2.366557582060986764e+00 2.550896081961406825e+00
-1.642525369285488424e+00 -3.119959920394395625e-01 -6.334818255282157473e-01 2.233978895362818573e+00 1.735889789311838793e+00
-5.024964638183633259e-01 -1.861553213277625241e-01 1.588642083872465749e+00 -9.197896586049517098e-02 5.068902305198538238e-01
-1.089604184090190164e-01 3.797329336049349302e-01 8.691740147205202494e-01 -6.348644024417242626e-01 2.786363004226899420e+00
3.616675965011954541e-01 5.137034690806008275e-01 2.294286028803796396e-01 -1.800237905184662646e+00 2.593417226180994462e+00
-1.108514501566239208e+00 -2.198196118287877865e-01 1.964086515693238000e-01 1.642308617743524657e+00 2.847746330080046295e+00
-4.333020775706307726e-01 -8.092327976605800943e-02 1.104809938821496029e+00 3.297335807022218623e-01 2.357988982718925097e+00
-3.796032095536655548e-02 3.605817048589952112e-01 1.813808063387577052e+00 -1.589719650830808462e+00 1.441058795161457295e+00
-1.236202997429380224e+00 -6.522163934267510843e-01 3.122936529847086806e-01 1.849943119403987923e+00 2.904946444158946761e+00
3.921785053665758913e-01 7.847434923277623042e-01 -1.027148917308142950e+00 -1.462017993004901983e+00 2.283141485706926765e+00
-1.508239203949798934e+00 -7.501354651009350949e-01 -4.453617519521328449e-01 1.807574934692820934e+00 2.461689039404372448e+00
-2.291959192837826342e-01 3.409403672154378007e-01 1.163173528350938790e+00 -7.320619779252525161e-01 2.232198071217992297e+00
-7.082441360855682433e-01 7.194533733509633766e-02 1.187110778477589834e+00 2.829882844024972921e-01 2.439601989051568331e+00
-1.317977060628766905e-01 3.275074834224860898e-01 1.811804284460865611e-01 -4.130855236436399847e-01 2.760030473225840275e+00
-4.808783378787439000e-01 -5.601745155072290761e-02 1.719103340217465803e+00 -1.152704460143297194e+00 1.794474805201681678e+00
1.872841123563773746e-01 7.479317730096328720e-01 1.331734382227145908e+00 -1.649710192117213925e+00 2.617760750651483281e+00
-5.674203482778336083e-01 -1.870968747150472122e-01 1.309915543611592348e+00 4.928353166808509545e-01 1.984500908607315761e+00
-2.991611608113521337e-01 1.830837441046073710e-01 8.346226351174700353e-01 -2.764148191427698298e-01 1.860498054279654978e+00
6.354112147891293194e-01 9.715209414660255227e-01 -1.618882597931994294e+00 -1.686637565387070659e+00 1.174998801311510910e+00
-1.382143342450897538e+00 -1.034074051406001837e+00 3.764167949681477832e-01 1.564840271902222524e+00 2.475695188449927642e+00
-1.123171083229018041e+00 -6.275457443103724664e-01 3.027482591573736337e-01 2.225705007325537110e+00 2.933248855639337460e+00
2.442680765515233277e-01 5.665985726221984820e-01 7.244103109016529762e-01 -1.771599609072419534e+00 2.165057717855173980e+00
-1.635996688454979919e+00 -6.004660736471003624e-01 6.288995750845610688e-02 1.907189080359891431e+00 2.198386696902018933e+00
-1.738318612475485248e+00 -5.509461487566595927e-01 8.075491282900095769e-01 1.690945430016922435e+00 1.838162918430276571e+00
-1.960666314447385261e+00 -1.067269926608327424e+00 9.747088569957823578e-01 2.278449082025660655e+00 1.192215235457973366e+00
-2.166284987179341592e-01 1.650780861430350965e-01 9.811772588475818901e-01 -6.502537909321358667e-01 1.960079011523245818e+00
3.000202000592261942e-01 8.619141800396306063e-01 -3.560010587723013153e-01 -1.525644033472697059e+00 2.630476248629540770e+00
-1.368801435152356749e+00 -7.290764280426891286e-01 -2.133221431474998167e-02 1.533133454259338668e+00 2.993920960991137470e+00
-1.909429495259178933e-01 1.529137213147663543e-01 6.176305988209570552e-01 -8.887445698111939851e-02 2.927371565524391706e+00
-1.193695644109098453e-01 1.024369306719074002e-01 1.145428376506554269e+00 -7.738955575848487367e-01 1.757566357904915888e+00
-9.166913809498518084e-01 -1.101644676499271003e-01 1.220541092536351346e+00 6.873811079262168722e-01 2.738036653839791335e+00
-7.063925643557713574e-01 1.579055170750992554e-02 1.309825868067805876e+00 5.151803330209647758e-01 1.628328715841486751e+00
-1.080708638074767913e+00 -8.572249060100989304e-01 1.678180265523737447e+00 8.625718000175915945e-01 1.454913103215387915e+00
-1.298550796947575137e+00 -1.253866851087132028e+00 6.289593129137237559e-01 1.832293923794380275e+00 2.292668167872298657e+00
-1.738318612475485248e+00 -7.736378037714597422e-03 4.418374696404990254e-01 2.438895264859764378e+00 1.161052630390140950e+00
