-1.006243380687718569e-01 9.773410222624125954e-01 -5.091888295496624917e-01 -2.173543045595063283e-01 2.012461813699582436e+00
1.347751515358434626e-01 3.490012216486055863e-01 2.138532814691167516e-01 -5.054608915468893349e-01 2.655008744165582968e+00
-3.842352173938726745e-01 7.008999846056582772e-01 -4.402827275857318923e-01 9.469841276294910237e-02 2.897485614648081409e+00
-7.504278433953465166e-02 -5.343997995298688242e-02 1.766628647926938855e-01 -4.885931770970268762e-01 2.834840614729668307e+00
-1.542472103089036484e-01 6.173744521977806432e-01 1.477789371201421176e-01 -3.908507960438060147e-01 1.814763922023445275e+00
-7.713358440394346704e-02 -2.093146307833004816e-02 4.896664731658365577e-01 -5.953718337483884238e-01 1.799483507686335138e+00
4.622361939617630755e-02 -2.897792705161863491e-01 9.163179538192153251e-01 -8.087785424578090021e-01 2.534661952681530828e+00
-2.966675911668684162e-01 2.991706483370875080e-01 1.921431397544536290e-01 -3.741336861872459618e-01 2.350918660896235135e+00
-2.718239668721284530e-01 2.426959985840340117e-01 2.476455890075923705e-01 -3.760915459001763494e-01 2.304847935388937952e+00
3.109606598898312368e-02 3.017808212248338506e-01 -2.949191700179877307e-01 -4.711230442739551272e-01 2.960454175653858044e+00
8.176722049112611357e-02 5.886625504325728730e-01 -1.808937300557572625e-01 -5.516965016907087183e-01 2.554832789499559276e+00
-2.769231229262925087e-02 1.496789284025337174e-01 1.774180001566821874e-01 -6.547100435095116744e-01 2.837398762493007265e+00
1.094395742847720787e-01 9.037816045168385326e-01 -3.978063633613910799e-01 -2.897951139379335572e-01 2.966624002075289201e+00
-1.622414458492903444e-01 8.425611858769737061e-01 -3.794943307846752045e-01 -1.837694802530838167e-01 2.317282123844220720e+00
-4.083409122541153957e-01 8.494425507628500238e-01 -2.934088992900111825e-01 -1.191601097263785825e-01 2.509039600198193831e+00
-5.757845438976694208e-02 7.709000756861237313e-01 -2.873395421211866196e-02 -2.455173635070446725e-01 2.140231036127902442e+00
4.019719568111551622e-02 9.450697938320962166e-01 -2.886893032650844071e-01 -1.893418502052705010e-01 2.878775243896956937e+00
-6.471177225657348542e-02 6.634084103998496573e-01 6.074958642049266277e-02 -3.000362262824928239e-01 2.011411459595110252e+00
1.105464684365178862e-01 2.737807847926476690e-01 -1.025484360419731678e-01 -5.461241317385220340e-01 2.103422939004528480e+00
-3.693536404648452565e-01 8.010357081173753446e-01 -3.615598658899535911e-01 -1.974744982435970853e-01 2.640485290519933415e+00
1.035361388087942536e-01 6.318490473025548670e-01 2.904995209139273893e-01 -4.997379170014002447e-01 2.961041983672372258e+00
-2.744067198928687445e-01 6.209337788628890298e-01 -1.195389817317094594e-01 -1.263891302048910648e-01 2.215014888748271460e+00
-4.346603954178498430e-01 7.625949801342044587e-01 4.385060522556302187e-01 -1.955166385306666976e-01 2.900750872381894663e+00
-3.777734789742470678e-02 1.577467355101127566e-01 2.344307201377973104e-01 -5.605821726955469986e-01 1.660542619174793844e+00
-1.618805607060624929e-03 1.385263715185274247e-01 1.390948804342768685e-01 -5.157020038914486015e-01 1.738111572571090058e+00
-2.565734252258524695e-01 5.713643510971488926e-02 3.027704705787368500e-01 -4.300079903024152106e-01 2.903607924030592979e+00
-5.339685426094931131e-02 3.741537967487051919e-01 4.309546986157476445e-01 -4.528998884843714601e-01 2.260731351853557669e+00
3.177735717171392693e-03 -2.183554487696772739e-01 5.381839203020833962e-01 -5.388951112600095517e-01 2.750499917385169191e+00
3.724547794312677018e-02 6.728999481734720955e-01 1.236146054725171251e-01 -5.036536364272612420e-01 2.558541861496133940e+00
-1.896014731774547935e-02 6.294761628591494240e-01 -1.495556124502436246e-01 -3.635913646560818835e-01 2.112844401615565637e+00
-4.673752670138935361e-01 9.296460449499597267e-01 -8.536910651123968963e-02 -2.547042436984875424e-01 2.563885795254400968e+00
-2.442746013175653153e-01 4.394081189423595379e-01 1.538200200320484212e-01 -4.729302993935831090e-01 2.638562391721837042e+00
-8.488184346616434173e-02 9.090019502923307737e-01 2.846754960999364759e-02 -4.372370107809276929e-01 2.913860409168910426e+00
-2.416918482968250237e-01 4.133063900648976663e-01 5.359185142101184907e-01 -3.411512802540326295e-01 2.535786289881599931e+00
2.101103038418777880e-02 5.566286104465969498e-01 -5.324757928481971270e-03 -3.587720176704068953e-01 2.204211819378396608e+00
-1.065277735447496821e-01 8.798393287398786899e-02 9.756243541492148896e-02 -5.235334427431705961e-01 2.781773223359041314e+00
-2.078700825490354398e-01 5.945947615410867026e-01 -2.707548383703627382e-01 -1.711186944156868339e-01 2.579469863002804786e+00
-3.981328884102370846e-01 8.726968183082248753e-01 -1.884450836956401143e-01 -3.028977135552374245e-01 2.598230679098499252e+00
-2.077470943099525846e-01 2.984826401055018508e-02 3.054134443526956844e-01 -4.617855594892097404e-01 2.693112730458870896e+00
-4.570442549309323699e-01 7.303237517038878579e-01 4.305771309337533825e-01 -1.259373164249840693e-01 2.992947408937328024e+00
-1.699897049115111636e-01 -1.215179063772919843e-02 6.221927295457797547e-01 -5.501904557576853261e-01 2.060421716570800754e+00
2.414059548206927697e-01 2.085516022704569927e-03 7.060127549484790377e-01 -7.810672972901777644e-01 2.867658887738761209e+00
-1.203024563220312371e-01 2.379502296972229036e-01 -2.458353713587494993e-01 -2.938614379570968493e-01 2.955816572829595312e+00
-4.693511584132337155e-03 -4.290675873440958910e-01 8.985722727654908981e-01 -8.773036324103752337e-01 2.944564781438412382e+00
-2.400266512014309628e-02 5.820184739910370109e-01 -6.554680320654732162e-02 -4.272971076229731269e-01 2.041825596555133071e+00
5.753853739180031512e-02 3.380859532089395270e-01 -3.343749927863753912e-01 -5.679617977673618867e-01 2.998505702388329031e+00
-9.336803196288245843e-02 2.014078092687761057e-01 2.867238440939858801e-01 -4.876895495372127742e-01 1.423190325493074448e+00
-3.888424204917056981e-02 5.089336331341440811e-01 -3.534138864701613647e-02 -4.443154266661379914e-01 1.675176484691608403e+00
-3.880478528054416842e-01 5.022895566926082189e-01 4.515321372844283143e-01 -3.693143392015709736e-01 2.819092579231647910e+00
8.570284414177792298e-02 8.591713769808129175e-01 -1.412491234463725265e-01 -2.801564199665835808e-01 2.956364834698728128e+00
-4.308477600062808333e-01 7.685271912427182883e-01 -9.537465008408441136e-02 -2.313605317366242975e-01 2.800454535033202408e+00
-1.862241524704500995e-01 6.985271001622526121e-01 -2.726426767803334372e-01 -2.786503740335601886e-01 1.983885459218500680e+00
-2.023356117903062912e-01 9.149341614008450474e-01 1.239921731545112760e-01 -2.738310270478852004e-01 2.713314057408169777e+00
-2.164792592848364672e-01 9.180189111772723010e-01 -2.860463294911254617e-01 -1.562088396787549849e-01 2.033217539937528962e+00
-1.196875151266169057e-01 5.905608579872971831e-01 -1.265239838486010293e-01 -2.370835062821133876e-01 1.894716781992378030e+00
-3.274146509375861491e-01 6.641202757328712458e-01 -1.533312892701849672e-01 -3.113315707801687093e-01 2.506016115588621140e+00
-3.716904170074197822e-01 9.927647711445490852e-01 -2.797881884813030462e-02 -2.599754044640695261e-01 2.246606107656929030e+00
-2.458734484256426545e-01 9.787647529284559944e-01 -4.876674716759965000e-01 -2.095228657077845558e-01 2.492211136296228258e+00
1.839704471689919685e-01 3.627639514203582216e-01 -1.521985862242026255e-01 -6.425110714520219091e-01 2.913854817375154838e+00
3.486516993009564636e-01 -3.550335927098405842e-01 6.688223382720560606e-01 -9.395033294442430849e-01 2.915869059508053862e+00
-1.226392328646058183e-01 3.340759067565857166e-02 3.892334697553950784e-01 -6.488364643707202895e-01 2.578573813244133817e+00
-9.226113781113659540e-02 3.518486829806921623e-01 2.448138313926361276e-01 -3.910014006371084205e-01 1.745998226181264323e+00
-3.039805355245245311e-02 1.734077728365901461e-01 3.996165810102338956e-01 -6.702223166196530357e-01 2.697635392077236460e+00
-1.602736340239643842e-01 2.884926683417623483e-01 6.637251745651352453e-01 -4.059112553740403806e-01 2.965573646497072779e+00
-1.393656333798762303e-01 2.443570176944178662e-01 6.201161072948119246e-01 -5.586243129826164999e-01 2.193152648458992715e+00
-5.302788954370074581e-02 5.673065904419223315e-01 -9.424194703810195861e-02 -4.759423912596301154e-01 2.300888251130574158e+00
5.680060795730307310e-02 1.757806572799955891e-01 -1.588060206591000445e-01 -4.973282435085627506e-01 2.968915806711556638e+00
-7.405887842687164380e-02 7.872968354470577523e-02 2.453801829156273540e-01 -5.024487996808424395e-01 1.947859884086583726e+00
-2.978974735576971344e-01 6.271032784157435369e-01 1.183286579245991232e-01 -2.864818128852819612e-01 1.961890088914261865e+00
-2.694871903295539273e-01 6.766965632829211597e-01 3.399608872551597161e-01 -3.610310865699420946e-01 2.365495521963717263e+00
-1.712195873023398818e-01 9.479172551641827926e-01 1.275790661334555987e-01 -3.068134329810984218e-01 2.872400601025144606e+00
1.302245866897773774e-01 6.228320864176137839e-01 -1.797610270097748653e-01 -5.706726804468040815e-01 2.949694445246405117e+00
-1.645782223918647591e-01 1.375772177411653807e-01 7.097884317684205469e-01 -6.125407573848555831e-01 2.745846745024649316e+00
-2.134045533077646439e-01 1.881196563857048254e-01 5.057130996505873055e-01 -4.965752205420510546e-01 2.060239144671377698e+00
1.184177157378217271e-01 4.270691198366500796e-01 4.226482096118764353e-01 -6.075708058058781891e-01 2.911342919513449701e+00
8.275112640378895490e-02 2.970350523380225205e-01 1.927094912774448554e-01 -4.132908804458551577e-01 2.748528730068596548e+00
-2.566964134649353246e-01 8.572730694260883855e-01 -4.635031400283715075e-01 -1.428050308748465280e-01 2.211526965985148419e+00
2.148404951787925010e-01 -6.625355594737725173e-02 5.451971966758928367e-02 -5.542567797768486182e-01 2.551021817360282107e+00
-3.612364166853757608e-01 7.319847708142717124e-01 2.980508745538099635e-01 -2.072637968082493565e-01 2.375301511030247781e+00
-2.093459414180299794e-01 1.271365261901804544e-01 5.585725751297671016e-01 -4.860328990108869762e-01 1.851237548356071017e+00
-2.860906026057414842e-01 2.723570541266042699e-01 7.537750667207375743e-01 -5.334733459011251622e-01 2.918252517701652504e+00
1.388337634255782382e-01 -2.655758491934488985e-01 5.610267650627290825e-01 -8.199232823621823707e-01 2.405063082450793921e+00
-2.922400145598850196e-01 6.543914495149081301e-01 -2.231530361821831843e-02 -1.590703269514993634e-01 2.147681856804959821e+00
-5.979224269325866814e-02 8.176458992212147781e-01 -2.862351133321224816e-01 -3.251871933639842727e-01 2.211777702594048822e+00
-2.592791664856756162e-01 4.524589833810905848e-01 4.005605002152193839e-01 -4.191644595846465426e-01 2.207758948836897606e+00
2.211128953720190027e-01 -9.377901549088230038e-02 1.064352759417837024e-01 -7.830251570031082631e-01 2.720791443399219744e+00
-1.889298937302733017e-01 1.874077910526830149e-01 5.261017544782710109e-01 -4.007906992017606917e-01 2.478904834997466722e+00
-4.073570063414524434e-01 5.048997295803545615e-01 -1.669237258219740672e-01 -1.477749824538238110e-01 2.961202489256313797e+00
-2.780963670653548991e-01 8.411374552109303071e-01 -1.737864949537648585e-03 -6.507873936225538891e-03 2.961755544839924426e+00
1.797888470401743377e-01 5.964930690958112347e-01 -2.044917101803910842e-01 -4.429599853264167830e-01 2.791650259844534965e+00
-2.717009786330455978e-01 -3.896538484821265858e-02 8.226811686846683402e-01 -5.316660907814970694e-01 2.562118216809221138e+00
-2.479723280640666605e-03 5.267302664596860140e-01 3.054417186096147763e-02 -3.050061778614703289e-01 2.584931322750465110e+00
-3.884168175226903053e-01 7.201203485972440532e-01 -4.618040854593978839e-01 -1.129853214009824969e-01 2.929312692251324179e+00
1.485498343131250176e-01 -2.164571412149527418e-01 2.023374671682953707e-01 -6.587763675286748555e-01 2.943989187456053092e+00
1.030441858524628329e-01 8.323577827703294574e-01 -3.113433641847328515e-01 -3.506393696320803111e-01 2.927036365977126131e+00
-2.450125307520625573e-01 2.218146154820643812e-01 3.165516909715230254e-01 -4.238332019770192360e-01 2.102048514619861308e+00
1.426463988371471925e-01 7.485949619181111458e-01 -4.652021945973451311e-01 -4.669061156614894292e-01 2.948731626315536314e+00
-3.985018531274857057e-01 9.175443342885909459e-01 -1.757965663488363917e-01 2.528401661915036236e-03 2.134151049424298119e+00
-1.450230923776882896e-01 2.638146701303440977e-01 8.083335967688910495e-01 -5.703714712601993808e-01 2.843478728420350876e+00
-5.966925445417575746e-02 5.677811673306032425e-01 1.906328690264770254e-01 -5.266961392025197863e-01 2.477380584157329757e+00
1.695808231962960266e-01 -6.506711372567453022e-02 2.514212658275336576e-01 -5.512446879108017228e-01 2.608702458773915378e+00
4.511672524443050003e-02 -1.238907908206976494e-02 7.471959065427591362e-02 -4.961234067621440036e-01 2.486514320915534260e+00
8.680973829352373050e-02 7.481203850294300128e-01 -4.818151726050873274e-01 -4.622373732691168469e-01 2.655719026646670589e+00
1.071027977421974975e-01 -2.271351212102780126e-01 3.907437404833714600e-01 -7.849830167160387617e-01 2.915058706332062322e+00
3.048112479356884785e-02 4.887641153651962611e-01 -1.837254876707133389e-01 -3.768445688666880455e-01 2.386216217927701777e+00
-1.543701985479865590e-01 8.171713223325334230e-01 1.732647556547466383e-01 -2.533488023587665561e-01 2.887859565460897393e+00
-1.342001273383956472e-01 -2.091011994403951801e-01 5.919873149862485695e-01 -6.679632477201178364e-01 2.960345783609270587e+00
1.588808463960861839e-01 -6.079592172754422208e-02 2.091336854441899762e-01 -7.135964394907279296e-01 2.273617575539913283e+00
-1.201794680829483264e-01 1.522891012902800600e-01 1.492892078481187212e-01 -4.230801790105075399e-01 2.300646335367008355e+00
-4.494189841077943504e-01 6.738491019508343616e-01 2.950303330978568672e-01 -2.684092616890008109e-01 2.986464924023830125e+00
-3.109342269004814474e-01 9.353409676141333229e-01 -3.760962216467279573e-01 -7.985231087446675868e-02 1.988492928897607870e+00
-8.279104340175552634e-02 -2.783894251878393789e-01 7.245135713661917665e-01 -7.468800546105458515e-01 2.879824798048618018e+00
-1.564609986123953189e-01 1.845603297205964388e-01 5.987835332621430640e-01 -4.393454750871605974e-01 2.588383157362940334e+00
5.766152563088328131e-02 -1.967622003346860549e-01 3.788503585005562613e-01 -7.312171769071020844e-01 2.904410026202642214e+00
2.635438378556095862e-01 -3.642878420391225669e-01 5.149635078594440030e-01 -6.991383985337029650e-01 2.908774194178918027e+00
-3.450019691264367694e-01 7.576119228030526731e-01 2.125317945821372234e-01 -1.572630718318713816e-01 2.334590582484921573e+00
-1.157518914759650408e-01 5.421540153418227259e-01 -2.565960502955824674e-01 -2.013902176694579715e-01 2.256408844420711102e+00
-3.411893337148677596e-01 4.906624229199207932e-01 1.725096202907582255e-01 -3.675070840819427698e-01 2.530441435248671045e+00
3.014242154931338624e-01 -6.827289343441561575e-01 7.987056208780406452e-01 -8.679661476256299579e-01 2.953221102497328499e+00
-6.151407804041880700e-02 6.994762539396148782e-01 1.704329980397905064e-01 -3.444645813066842255e-01 2.316016230967827383e+00
6.368794934594396162e-02 -4.993049668689020781e-01 9.731418899593334837e-01 -8.598334995873033737e-01 2.618321639678417245e+00
-3.921064646951764043e-01 8.458832240977414152e-01 -3.814487200505367603e-03 -3.340728643688225530e-01 2.673441370132398909e+00
-1.143990208460534119e-01 2.059401468126842438e-02 1.968627357793804045e-01 -4.158511585319950576e-01 2.631815214813041148e+00
-3.677547933567679173e-01 7.258152712614172053e-01 2.876677632989711464e-01 -4.196162733645535381e-01 2.948271824281610165e+00
-1.045599617194237219e-01 8.594086654251535951e-01 -3.279563421924750477e-01 -4.438636128862308849e-01 2.899641960732974866e+00
1.875371061023952124e-01 -3.687963224815931085e-01 3.754522493626089030e-01 -6.631439007344428482e-01 2.770250000124510059e+00
-2.670274255478964909e-01 8.138492841117657139e-01 7.736256442823485902e-02 -7.503296388879177048e-02 2.744343996100748750e+00
-2.613699665500843761e-01 4.303911580574182327e-01 4.753471755069771376e-02 -2.483788507797890510e-01 2.608127679517786124e+00
-3.953041589113310827e-01 7.103915223792809375e-01 -1.633368328430297445e-01 -1.438592630279628137e-01 2.737870734758418578e+00
-7.688760792577770120e-02 7.951034970088612930e-01 -2.986948468379291288e-01 -1.009369539367949153e-01 2.473969499895511959e+00
-3.489375927770886898e-01 2.063908665999278913e-01 4.692778183381527413e-01 -2.784997694402578938e-01 2.877109576044094563e+00
2.485392726874993685e-01 -4.032031469109746968e-01 3.731868432706438865e-01 -7.083252787251459459e-01 2.738180011794772550e+00
4.228799574552438711e-02 1.698484461714815374e-01 -2.618819978435004692e-01 -3.810614974791536325e-01 2.735787066243602794e+00
-9.668871441811999201e-02 3.233740696598248476e-01 -6.460288400156188882e-02 -5.521483154706157137e-01 2.902381664345000445e+00
-9.791859680894865470e-02 5.718150708843929841e-01 4.268014541138119844e-01 -3.762421504934786443e-01 2.706057518036814269e+00
-3.641881344233646733e-01 9.723579649312605877e-01 -1.610714267510648945e-01 -1.205155510660995688e-01 1.965470694244213501e+00
-7.110716068888273123e-02 -7.455865149929696845e-02 4.728647113170971750e-01 -5.538049659969415117e-01 1.964027809663025703e+00
-2.697331668077196376e-01 -1.072805997168591041e-02 5.117541825624934981e-01 -4.590746768097676567e-01 2.928851278657149670e+00
-1.398575863362077620e-01 5.338489197899032312e-01 -1.117705699939108843e-02 -4.101281839865059675e-01 1.832932024498677537e+00
1.513785638120310195e-01 7.305861798196922052e-03 2.903390113298487396e-02 -6.233842881026242511e-01 2.421342290664645791e+00
-6.415346931292587040e-03 9.550359084943997878e-01 -3.398497241752904685e-01 -3.628383416895701874e-01 2.737071058880936381e+00
-5.917730149784433680e-02 -1.865587972280419171e-01 5.663127126106469733e-01 -5.863355581502477376e-01 2.224312185817083787e+00
1.612176229386607651e-01 6.441880464082643254e-01 -1.318099313965189756e-01 -5.608833818821516992e-01 2.875521878763411365e+00
-6.016120741050728915e-02 -3.469419285008257248e-02 2.954079007798511292e-01 -5.364854377671721686e-01 2.269367275159314801e+00
2.004508712060966702e-01 -2.836097709633315089e-01 3.448692671210834559e-01 -6.170588951839257597e-01 2.744604234455585878e+00
-1.335851861429812604e-01 2.977469176710441090e-01 3.903944470582954018e-02 -2.384389476218344850e-01 2.648596656923854820e+00
6.897644362650739991e-02 3.508995292033298963e-01 3.261796668623736517e-01 -5.361842285805673569e-01 2.086428724096848875e+00
2.383312488436209464e-01 2.794995645582576405e-02 -1.805161623737631116e-01 -6.093780609255062819e-01 2.959232953864846305e+00
8.816260892343535938e-02 3.435674445302094870e-02 6.084115091529936903e-01 -7.602838634144544194e-01 2.937806687415768891e+00
9.013042074876126408e-02 3.074757438890072248e-01 -2.581063210235590155e-01 -4.931113148960972192e-01 2.818061634470887533e+00
1.061188918295345451e-01 -3.327284789418278876e-01 6.591943623812054343e-01 -6.620896685813264515e-01 2.812449164161479942e+00
-1.295265742532465958e-01 6.902220046103328954e-01 2.525822431304358684e-02 -2.507885242726265451e-01 1.947798211730276119e+00
5.138912543765689067e-02 9.417477556113282855e-01 -1.529537215881908718e-01 -2.408486211146719791e-01 2.766268358979747433e+00
-1.837643876887927741e-01 4.788218578043301754e-02 9.087666001793325288e-01 -6.401013979591843039e-01 2.810691205526003600e+00
-2.156183416112563145e-01 1.961874634932840866e-01 1.489116401661244593e-01 -4.897980138434456232e-01 2.908817076056572137e+00
-1.779839404518978041e-01 8.242899756627506402e-01 1.949748973694097609e-01 -3.203678463783092845e-01 2.601173337535235497e+00
-3.766099465707346550e-01 9.377138520575389879e-01 1.037923021678246460e-01 -3.538020660914296123e-01 2.769788246330398884e+00
-1.225162446255229076e-01 8.921544707441511068e-01 -5.591882731569680631e-02 -3.045543640815633335e-01 1.983609047509612200e+00
-4.205167479233196670e-01 9.920529058115272747e-01 -2.456465875177524238e-01 -1.539354494106393023e-02 2.085793733703171782e+00
-1.871417083957965799e-02 -3.125589611728801787e-01 8.995161919704760534e-01 -7.458258224574294548e-01 2.486864375841155717e+00
3.355583077064056008e-02 2.343909030321142950e-01 3.784727908185619993e-01 -6.137455941312743857e-01 1.831293824219319744e+00
-2.441516130784824323e-01 4.045267176242970386e-01 6.414769555843991000e-02 -4.762436004462347050e-01 2.784292155901429755e+00
-2.436596601221509562e-01 3.257469541032305127e-01 1.430593410952153421e-01 -5.104308431258666179e-01 2.868596494273115471e+00
9.185225609592134743e-02 -1.616435105722831000e-01 2.770958682031352538e-01 -6.437159081984406006e-01 2.611499231017446743e+00
-1.991379175741516683e-01 9.023578738507949115e-01 -5.059795042527123199e-01 7.828251209299352809e-02 2.856844807397549424e+00
2.064772949211573505e-01 -7.147390172286960386e-02 5.827369067773920941e-01 -7.370907560458934693e-01 2.409227607273570992e+00
2.043864948567485906e-01 -6.777458770130043719e-01 9.321757964629692195e-01 -9.259489160470321112e-01 2.932826277039585872e+00
-2.756366022836974627e-01 4.678827322632268526e-01 4.543638948993842241e-01 -2.617826595836976189e-01 2.649884004850668884e+00
-4.700146582864006550e-02 5.440523228965470359e-01 -1.212380363006831385e-01 -4.322670592019505209e-01 1.759881065122128607e+00
2.758426617638966571e-01 -1.023213994871426946e-01 6.910988315097105206e-01 -7.501933556631974476e-01 2.979576759621776816e+00
-2.833848613459183374e-01 5.917473002090001266e-01 -2.148748214352299013e-01 -3.923568419768294069e-01 2.982922116456892869e+00
1.077177389376118843e-01 3.665605665298072857e-01 3.734039013685608310e-02 -3.745854999671529573e-01 2.691388382180864181e+00
-4.264201833992974366e-01 7.307983285925692130e-01 -2.273345549410365485e-01 -2.414510394878813804e-01 2.993047794029237707e+00
-8.820252592140187531e-02 6.316117588582141895e-01 1.519321816220775556e-01 -4.631410008289309488e-01 2.469211283859837014e+00
-1.372748333154674705e-01 -5.246568650416616464e-04 5.236475645453090300e-01 -6.851321713565849958e-01 2.825598663019826429e+00
-4.543385136711092231e-01 8.325950712146699129e-01 -2.650913231404505854e-01 4.787470561450124507e-03 2.583416127872398604e+00
-2.367723187335101787e-01 8.492304019899754586e-03 5.089224249475375883e-01 -5.610339864754541050e-01 2.684666555825543810e+00
-3.584076871864697589e-01 5.250692473493021595e-01 3.839475222074769656e-01 -3.894953547040848063e-01 2.613719478834640064e+00
2.185301423512788221e-01 9.889920131365381728e-02 -2.027926556114174050e-01 -5.199189325039144105e-01 2.689929842821801476e+00
-2.610010018328358106e-01 8.444594934316980162e-01 1.100221689207280251e-01 -1.622330234108487756e-01 2.546469763963930877e+00
-1.615035164147930469e-01 5.423913037861631814e-01 -9.556343392508154233e-02 -2.403968073347649836e-01 2.001098698648466900e+00
2.566564964669688087e-01 -1.974740656677077544e-01 7.452797938758694007e-01 -8.458272724101854045e-01 2.664599451454070511e+00
-2.572450046730334616e-02 4.844929233670662860e-01 7.660742906424655718e-02 -3.184099866653787858e-01 2.379151615484208282e+00
-2.585412370511783742e-01 6.036117224260282299e-01 8.302607965814701174e-02 -3.583202038904997888e-01 1.978763870411829329e+00
-6.538335170375497718e-03 -7.432136305495629092e-02 6.474897642393871999e-01 -5.631424507816868985e-01 2.747206205321102601e+00
-1.249760094071803440e-01 3.708317585279370387e-01 -1.374734466264311283e-01 -3.339222597755201472e-01 2.733292129273040771e+00
-1.966781527924941764e-01 8.840866636365718456e-01 -9.443073087909908958e-02 -4.596627738143954645e-02 2.982508218514371201e+00
-3.741501817890772186e-01 9.742562724859853418e-01 1.396612319572680949e-01 -1.345217782432175380e-01 2.817816877639886641e+00
-4.171297154807657170e-02 7.924933241211151724e-01 -2.254467165310658494e-01 -2.894939047513288566e-01 2.294752168621535748e+00
-1.821655405807154349e-01 4.567301753792203378e-01 1.139866295816664987e-01 -2.211194193920650308e-01 2.532222707651745175e+00
2.137999510143634430e-02 3.611029323099741450e-01 -2.035477909754057069e-01 -4.074173013070637728e-01 2.766783496849082091e+00
-1.287886448187493538e-01 8.999849894073894685e-01 -1.497443962912407001e-01 -3.527478339383131045e-01 2.625321642363654728e+00
-5.819339558518132893e-02 -1.428977234693785681e-01 6.189834042488296939e-01 -6.634451099210476599e-01 2.173411008249976906e+00
-2.019002970857414203e-02 6.076456259798177495e-01 1.751808683216360407e-02 -3.547056936512437142e-01 1.679940515346417085e+00
-1.183346444967053324e-01 9.035681731739342304e-02 4.658797092002054940e-01 -4.611831411160003391e-01 2.178496059491133785e+00
-4.134400683082795069e-02 -1.198807443683441720e-01 3.229703415654232579e-01 -4.376888245608347994e-01 2.775816588497381332e+00
1.824865087259819330e-03 8.290357445495617483e-01 -2.562184826135883164e-01 -2.149446310666688342e-01 2.972824566042883809e+00
-1.531403161571577853e-01 1.641535235073079413e-01 -5.135974087484895811e-03 -4.678097432213035312e-01 2.939201837585133426e+00
-2.841227907804155794e-01 5.922218770976812596e-01 4.368069976866567616e-01 -3.429585353736607223e-01 2.124655497168923990e+00
-3.250778743950116789e-01 1.968993288263056751e-01 3.282562891133412597e-01 -4.217247376707864426e-01 2.784591166145949703e+00
-2.413228835795764304e-01 4.795098660359142784e-01 9.095500098002395895e-02 -2.019926360426672618e-01 2.245587904174446869e+00
-4.167041125117506573e-01 6.057473184250929954e-01 1.298727464823390410e-02 -2.259387663777400190e-01 2.829521229527908410e+00
8.287411464287192109e-02 7.780187290163409486e-01 5.886174801052201921e-02 -4.501890058049293764e-01 2.961228702372662447e+00
-1.750322227139088915e-01 6.622219681781467138e-01 -3.741801089798385549e-02 -3.053073870480749186e-01 1.879819503087415855e+00
-1.219579416818750150e-02 7.438491930313000378e-01 -2.033590071344086314e-01 -3.346752827420318432e-01 2.377515329984305037e+00
-4.939488062298102999e-03 2.097129048206958224e-01 5.840583936643716223e-01 -4.976294526951675068e-01 2.799507247621843664e+00
-1.937264350545052638e-01 -3.398232751706087296e-02 4.819263356849564639e-01 -5.622388232218727966e-01 2.588757898145960024e+00
-3.034319443164263386e-01 2.519502479133157724e-01 3.191946647454818597e-01 -5.149489809249370165e-01 2.955003403514585347e+00
-2.114367414824386837e-01 4.280182736140125677e-01 -1.246361454386303858e-01 -2.084686335546682701e-01 2.396045281462284127e+00
-3.347275952952416533e-02 2.576451705774893686e-01 -5.761788188467031890e-02 -5.717269125999204782e-01 2.583311741693428587e+00
-2.088539884616984477e-01 9.030697391838167221e-01 -2.901995739930609552e-01 -1.080153698220051028e-01 2.090441600362281882e+00
-4.183029596198279965e-01 9.740189840416446643e-01 1.128539265356840460e-01 -7.337631336246619451e-02 2.697605368816212934e+00
-1.126771854988932176e-01 9.913648975799427276e-02 2.119654430591459970e-01 -4.295561765225082151e-01 2.346112998038368147e+00
-2.054103177673781144e-01 9.711715227095580882e-01 -2.815155173071957617e-01 1.352253697298599899e-02 2.577030691250226546e+00
-4.761640702405439685e-02 1.359161986307813041e-01 7.909654833971607735e-01 -5.526001292505228202e-01 2.934841934775680894e+00
7.143620840816483630e-02 4.154419860639628759e-01 5.244309741662156465e-02 -3.224763106845420779e-01 2.967006702982105004e+00
1.624475053294895388e-01 -1.338807625844373739e-01 6.131311051779203547e-01 -8.227847696349268602e-01 2.372344269092688140e+00
1.765911528240196593e-01 -5.244575419690016282e-01 6.727867989329946452e-01 -8.054652414051574061e-01 2.918641801690985638e+00
5.360291374114850571e-02 6.527304304045242755e-01 -4.332977254688402668e-01 -4.462732863790683790e-01 2.592413920850074494e+00
1.786819528884285302e-01 -3.417454398267691928e-01 8.162625180907682187e-01 -8.586286628408846822e-01 2.436115314464263992e+00
-8.500483170524725240e-02 5.848659353231238089e-01 1.487228563251274949e-01 -3.759409413068740546e-01 1.544495677357737851e+00
-2.750216610882830759e-01 8.518154352062556889e-01 -6.913369618549158879e-02 -9.536458398460812003e-02 2.167284290433387994e+00
4.991326656866240663e-02 8.048323232268244087e-01 -1.988281949504789314e-01 -3.687119208283615723e-01 2.539928816240361265e+00
-3.700915698993424985e-01 9.063917774045846532e-01 -1.261464161666069339e-01 -1.946130109708525957e-01 1.969366812846406800e+00
-2.814170495205924327e-01 4.327640425008238978e-01 5.275411424272569150e-04 -2.525957793922547490e-01 2.530752271263256414e+00
1.614635994168265865e-01 -2.164332841135163665e-02 2.993723614407893807e-01 -6.277518213083922438e-01 2.080420912798985889e+00
-4.394569367420818051e-01 7.279508672604824149e-01 4.975953944877132828e-01 -3.278980760434264674e-01 2.957725491706503895e+00
-1.145220090851362671e-01 3.110350705541158334e-01 -3.911706546695747910e-02 -4.161523677185997583e-01 2.031308766574615898e+00
-1.965551645534113767e-01 3.603910669769525565e-01 -2.760125116613620921e-02 -3.417536986272421418e-01 2.421318922565379950e+00
2.188991070685273876e-01 2.583570359105109571e-01 3.816821161155120601e-01 -7.054637914524013453e-01 2.913004429871835388e+00
-3.335640628917297956e-01 5.148658442426581328e-01 3.484561601000278896e-01 -4.265440846564614308e-01 2.633292868704300016e+00
-2.232436124343943340e-01 6.240185286393162833e-01 3.697887341326968613e-01 -2.488306645596960465e-01 2.710683763898825482e+00
-1.420713746396993771e-01 8.473069547637848142e-01 -1.123651957738207030e-01 -3.193136142251927767e-01 2.468492531910738919e+00
-4.203937596842367563e-01 7.533407308049222539e-01 -4.221594788500131479e-01 -1.063587192956793048e-01 2.980483992807302140e+00
3.297115104821943254e-01 -4.563557584432604286e-01 6.231366487507651319e-01 -9.336297503054517000e-01 2.573112496189015275e+00
-2.905181792127248808e-01 3.188655892173541950e-01 1.241809569955083514e-01 -3.364825378616600471e-01 2.318989796540925408e+00
-1.995849898328572181e-05 2.424587101396933342e-01 1.272014984514615588e-01 -6.039562955666220034e-01 2.359668918547322303e+00
1.904888238403840695e-01 2.486282096925480634e-01 3.090003373316400070e-01 -5.860343489636430370e-01 2.722327060697283585e+00
-4.353983248523470850e-01 9.870698484803757111e-01 -3.953521734284291544e-01 -2.226254653250884230e-01 2.890987112955365923e+00
-5.179800715287197210e-02 2.742553616813285799e-01 4.126426660390316581e-01 -4.938643378626089153e-01 1.904726777367536705e+00
-2.894112850609790177e-01 6.617473912894658028e-01 4.756964689320533068e-01 -3.426573261870562437e-01 2.672346623343349492e+00
-2.363370040289447527e-02 4.097470633997892797e-01 2.848360056840150145e-01 -4.028991635079934852e-01 2.343204559572809931e+00
-2.324677303656096927e-01 6.828660628357758888e-01 4.741861982040765922e-01 -3.785012193930138436e-01 2.866043593435757764e+00
-2.355424363426814605e-01 2.930011487842330009e-01 3.184395293814936689e-01 -2.584693585310460229e-01 2.771759614968639429e+00
2.199493629685062013e-02 8.382899938788435090e-01 -4.212155596450277706e-01 -2.358786695356946961e-01 2.427347086329578296e+00
-2.537446957269464121e-01 7.713746525748050864e-01 -4.198940727580482979e-01 -3.903846608953187580e-02 2.428260335014683857e+00
1.286257395817000382e-01 3.024926865578554391e-01 -1.225595231876625557e-01 -6.295590764280203366e-01 2.438295178908501004e+00
-3.879248645663588291e-01 6.788321592819859251e-01 5.183616169973909171e-01 -2.781985602536530822e-01 2.806905652755276481e+00
-2.252680625114872326e-02 4.339504847225263973e-01 -1.134978988198032113e-01 -4.045558140343192832e-01 2.284542126305425747e+00
8.152124401296029221e-02 7.018729954844571406e-02 4.054688800811431237e-01 -6.526015792032788809e-01 1.598052714679546904e+00
-4.090788416886126377e-01 7.716119410191455419e-01 4.290668602057770009e-01 -3.480790915459405221e-01 2.623835314776311378e+00
-4.280190305073747759e-01 7.815780556814493352e-01 -1.922207605155815124e-01 1.335543978349538197e-01 2.715799808969439955e+00
-6.372786634391053306e-02 4.180521589517089964e-01 -2.420596945388080456e-01 -4.426587761398121934e-01 2.391342317539969287e+00
-1.845023171232899606e-01 -2.539487154207613617e-01 7.622703395656059699e-01 -5.580218946094072097e-01 2.865734561419504889e+00
-1.451460806167712003e-01 3.207638967720787271e-01 -1.108549250458441549e-01 -3.571153671440812083e-01 2.891131310619246442e+00
9.573124149480638501e-03 6.681541792866607654e-01 3.741307624756293748e-01 -4.798581106854910017e-01 2.904402625945446736e+00
-2.180781063929138064e-01 2.963231870050007100e-01 2.225373381549820007e-01 -2.888914863781194553e-01 2.537789866128104421e+00
-1.719575167368371238e-01 9.277477373952354167e-01 -5.016374759097796954e-01 2.361304472424308187e-02 2.453986105042408550e+00
-4.224845597486455717e-01 8.233408218853879301e-01 2.066794955112279952e-01 -4.611688197474184125e-02 2.628870705725989243e+00
2.257864484571680541e-01 -3.507624007117104981e-01 5.232699968633148790e-01 -8.001940806395754224e-01 2.377298480554685511e+00
1.742543762814450781e-01 8.413747436552707626e-01 -3.883671713115375290e-01 -4.345261281014856092e-01 2.979674463958554398e+00
2.466944491012562080e-01 -3.142199802832640332e-01 7.275341128221449738e-01 -9.145029669560540420e-01 2.442513957112750322e+00
-2.899032380173105494e-01 7.277135788161419594e-01 2.782285712491177065e-01 -3.512417880052897123e-01 2.415998168633533449e+00
-1.863471407095330101e-01 4.192386011734117179e-01 -1.420042588103608283e-01 -1.682572071429423444e-01 2.732230723868073419e+00
8.803962068435250421e-02 9.130597109475580009e-02 4.205715873609088273e-01 -7.277532712611483046e-01 2.420168101689301743e+00
3.165517689003269353e-01 -5.871016912749098537e-01 5.908546119402661168e-01 -8.870929309750275049e-01 2.961582861171931924e+00
8.902352659701545656e-02 -1.618569419151871802e-02 5.936863695552222486e-01 -6.699211074330482241e-01 2.004736434877304685e+00
-2.938388616679623588e-01 -7.289763238891289188e-02 9.072563294513559251e-01 -5.200695370972165943e-01 2.713162363189017601e+00
-1.514184808099976465e-01 3.561198749788223594e-01 1.209716316985580686e-01 -5.164550268579604086e-01 2.516686754202629661e+00
-8.094621981551247680e-02 6.752728326168777606e-01 2.078121985572104480e-01 -2.607284274305813332e-01 2.757243122301477722e+00
1.245671276919651516e-01 -2.344910629848353523e-01 8.827144301217367817e-01 -7.839287845629223650e-01 2.865282812444563731e+00
-2.939618499070452695e-01 8.655781649780081022e-01 -4.019596078633266290e-01 7.195711917429514770e-02 2.454343190663883956e+00
-3.217571919397741453e-01 3.081876092220290353e-01 7.139416762703559849e-01 -4.541047252307902626e-01 2.728394728824500515e+00
1.272728689517882983e-01 -1.568977416854716589e-01 5.735147728254552657e-02 -4.894968046568409781e-01 2.791298204941603966e+00
-4.036673591689662888e-01 6.297134513034898795e-01 1.317323106353911477e-01 -2.059083554685281481e-01 2.727507338356145450e+00
-1.011162910251033331e-01 5.855778006561456195e-01 -2.920874124030317098e-01 -1.729259495353150378e-01 2.526939648257187976e+00
-8.506146995701346913e-03 3.164927047739487520e-01 4.115099629930494274e-01 -4.119354391061340603e-01 2.824243853418082928e+00
-7.049221949346839988e-02 9.555104853830809208e-01 -4.285781294439134914e-01 -3.422055124071491372e-01 2.292594752023149329e+00
-1.040680087630921902e-01 6.159507215317374662e-01 -8.706816108021342426e-02 -3.250365887706818668e-01 1.862032536002236283e+00
6.270404343328089825e-02 5.665947251089005210e-01 -2.075122516363441805e-01 -5.456723179586150385e-01 2.591532982338716096e+00
-1.857321995141186788e-01 7.087305032688970829e-01 1.649582666508754292e-01 -3.616335049431513848e-01 1.819266618727713558e+00
2.050014360521628665e-01 -2.209656216574233945e-01 3.091891211726371935e-01 -7.651032104001294076e-01 2.566301187972514608e+00
5.950634921712633085e-02 9.317816409490247143e-01 -4.113987999131801243e-01 -5.042560548004706433e-01 2.838458942041981459e+00
-1.369058685982188495e-01 4.282555620583532452e-01 -1.550303438391586464e-01 -2.949156701102133571e-01 2.590508307252136433e+00
1.068568212640316761e-01 -4.589659313310066047e-01 9.233029559361068950e-01 -8.696227981519557559e-01 2.544028900936696314e+00
-3.252008626340945341e-01 2.457807483604612653e-01 6.354075984155748147e-01 -3.080182697275171133e-01 2.927412722560719605e+00
-1.778609522128149489e-01 6.890355623886303960e-01 2.306550433178560233e-01 -4.959728021688417643e-01 2.958737180171365111e+00
-8.316000811900409184e-02 8.681883378657542227e-01 -2.811379496252015553e-01 -8.572589001325814362e-02 2.756856220014963110e+00
1.005844210708052855e-01 8.549001849826829424e-01 -4.776619281031517783e-01 -2.717225627416524070e-01 2.721424597571378001e+00
-8.537379642249587341e-02 -3.801623107085039255e-02 2.697332984042494219e-01 -5.991369485809470152e-01 2.687347352756451091e+00
4.413281933176743665e-02 1.117127773080441866e-01 -1.259576323256098029e-01 -4.663036972882801390e-01 2.642947201605269303e+00
-6.102212508408733083e-02 1.435094288496792103e-01 3.131535818335756671e-01 -5.772992825521072735e-01 1.803350173570411386e+00
-4.467132428479712036e-01 8.043577463381430537e-01 -1.474789901992758501e-01 -5.604246376411436970e-03 2.654732479013187874e+00
-2.728078727847914053e-01 5.269675549040269136e-01 4.169846943819643936e-01 -4.075679059003660676e-01 2.086337869709667725e+00
2.339036722366377163e-01 2.918147065625302794e-01 -4.706769259862602084e-01 -5.806125836047586475e-01 2.881798185055231443e+00
-2.200459182182397111e-01 2.201774534731160138e-02 2.706772176092349103e-01 -4.021461405414817891e-01 2.814261144215397081e+00
-3.432801337792765750e-01 4.413064264970840700e-01 2.638809993333404158e-01 -4.410021256134863954e-01 2.766416370571104011e+00
1.956543298818647636e-01 -2.098130647734168797e-01 4.254799672268325672e-01 -8.676649384390252573e-01 2.665590406250705424e+00
9.259018553041870048e-02 2.028315399348197268e-01 2.886116825039565237e-01 -5.102802385325643231e-01 2.105646613232780240e+00
-3.146238740729676020e-01 9.213409493980400100e-01 -4.002605532943530053e-01 -2.866324174785844781e-01 2.935325420145255215e+00
2.669875085499300860e-01 -4.508981242234275100e-01 5.502660861258960034e-01 -8.762494002572588370e-01 2.755009807833750823e+00
-7.787151383844070907e-02 3.653741243081041201e-01 1.857244891605531745e-01 -4.777496463792580972e-01 1.517697548568283317e+00
-2.831388848677526271e-01 6.562897570696328842e-01 -2.762295697592778154e-01 -2.119325392006220499e-01 2.324969351233789894e+00
-6.348996943976725760e-04 7.830017863474925122e-01 -2.481007774507143493e-01 -5.000391261880050564e-01 2.845095645990369349e+00
2.225887542410134867e-01 -1.839486243402956855e-01 6.335197600056040601e-01 -7.309159677204974948e-01 2.519660756197419360e+00
-9.287607900655098225e-02 7.108660992679618484e-01 -8.423640346525723688e-02 -3.239823566175655811e-01 2.160386192775445746e+00
-3.914915234997620730e-01 7.293745979265258139e-01 9.812878693791260432e-02 -5.409892541976613067e-02 2.473802843474895319e+00
-2.015976823558089936e-01 4.683573091519079856e-01 -1.406827719233813556e-01 -1.262385256115885479e-01 2.909573932060557144e+00
-2.183240828710795167e-01 9.481545436085234702e-01 -3.655243265508920647e-01 1.074998031936482690e-01 2.882913607329493200e+00
7.426493790707094922e-02 8.641544343119647031e-01 -4.276342102389281696e-01 -1.848237124062003245e-01 2.839969675602423749e+00
-2.998652853830230947e-01 1.696111577271410820e-01 5.015598551486518675e-01 -3.349764919286366549e-01 2.454260479853591193e+00
1.181717392596559058e-01 5.950931955312044330e-02 4.764516042960414977e-01 -5.589255221692213116e-01 2.766135517114112208e+00
-2.097149061352785449e-01 2.555095745784243810e-01 -2.275942215610449182e-04 -2.426558762343000719e-01 2.834198141845321040e+00
1.954083534036989422e-01 2.797129959011614986e-01 -2.533584507417141474e-02 -6.646499466674663514e-01 2.711592496475526914e+00
-3.709524875729225957e-01 8.380527054345030535e-01 -3.810046015126518082e-01 -3.843604771632247452e-02 2.488410613714215902e+00
-2.197999417400740008e-01 1.340178910760567721e-01 3.433589963931069633e-01 -4.914546643697714212e-01 2.278251622995695502e+00
-3.384172424677278634e-02 4.897132691425587492e-01 -3.200274208705981005e-01 -2.355774603490899954e-01 2.716302773091059830e+00
-3.327031452181496984e-01 4.764251162594870248e-01 4.834366064129330676e-01 -2.920541828374687565e-01 2.379939053625876877e+00
1.283797631035342168e-01 -1.913045661148532472e-01 4.649357899952202278e-01 -8.660082879126994593e-01 2.846269512836061555e+00
-3.672628404004364411e-01 6.399168544101339062e-01 2.132869299461255252e-01 -3.650974105891052757e-01 2.474231232359242139e+00
-9.213814957205374023e-02 2.267976728132163888e-01 5.045803966046050748e-01 -4.447672404460449869e-01 2.528335497017956346e+00
-6.046382214043966030e-03 3.122215127758183328e-01 -3.194327950906872271e-02 -4.080197196802731741e-01 2.038436778935750926e+00
-3.280295921330005360e-01 6.814423321697324898e-01 -1.065128967029115858e-01 -4.762292790776534446e-02 2.375894045740729599e+00
-1.490153542801064823e-02 1.057805661995299129e-01 3.745083301576235257e-01 -5.027500088674472511e-01 1.991543274440109812e+00
-9.853353800436298604e-02 5.219844975728749059e-01 1.417378542082359250e-01 -4.741351361400019115e-01 2.167074757084638925e+00
9.000743250967851994e-02 6.045847333048259831e-02 1.991281418713451989e-01 -7.279038758544504883e-01 2.636133787436707010e+00
2.320588486503945558e-01 -2.152706989932499093e-01 4.116987468340463918e-01 -7.048613730791919441e-01 2.316993604687261232e+00
-3.395904866067904759e-01 6.413405850761773053e-01 1.179510902426049723e-01 -4.897836924748644183e-02 2.920991443184752789e+00
-3.618513578807900921e-01 6.975779463848905682e-01 -3.898774420395141327e-01 -4.700618816597446070e-03 2.771959095937305495e+00
2.147175069397097569e-01 3.698826047505749948e-01 -7.023812497455539372e-03 -5.855825351837360415e-01 2.997252597176651712e+00
-3.076701826970101861e-02 5.931710308750435257e-01 2.978903649697328682e-02 -4.971776389152605113e-01 2.308165884799333600e+00
1.106694566756007414e-01 6.349337970789823427e-01 -3.319208028534135213e-01 -3.247353795840772772e-01 2.634972837450279215e+00
9.849362100639652562e-02 5.506963993380828981e-01 -1.642807520480151218e-01 -4.962740113554464094e-01 2.538847627629549741e+00
-2.407079423841620713e-01 3.096113398880724343e-01 4.143417206080052262e-01 -3.054579916413774354e-01 2.498644078073490427e+00
-2.969135676450341821e-01 2.030688283791601823e-01 8.326867122575131175e-01 -4.788038785323746049e-01 2.589667601091821147e+00
-3.485686280598400133e-01 6.921203121650576495e-01 -2.061907647493647078e-01 7.542102482024914956e-02 2.953690712397633256e+00
8.115227929571161569e-02 5.587642064456619373e-01 -4.314098870588695678e-01 -4.027485589146910794e-01 2.886807333026622402e+00
1.047660211996229163e-01 4.038148522912754501e-01 1.789282708846587910e-01 -6.227818697294148498e-01 2.485783300745951330e+00
-2.702251197640511693e-01 5.393065540097359278e-01 3.167687490694393038e-02 -1.909985007315962990e-01 2.314544777252892871e+00
3.734953235956964268e-01 -4.554066046658981626e-01 6.503215218543431098e-01 -8.971834387262845878e-01 2.920037773506988454e+00
2.888794151066809701e-01 -1.822876052299118310e-01 2.180065259710523007e-01 -8.736891221711189370e-01 2.982208987409621148e+00
-3.027506531336954243e-02 4.873403846991528621e-01 -1.204829009366947812e-01 -3.682601070484545769e-01 2.354148121174917563e+00
1.154093597480659872e-02 2.450688830274396768e-01 2.831369511150414464e-01 -5.202201416905190001e-01 1.607236406980510734e+00
1.634314112421524912e-01 -6.150778706056592160e-02 5.245914837502944073e-01 -6.551618572894186698e-01 2.406589014351733447e+00
-8.869447887773329597e-02 7.666288836879939783e-01 2.185728774940435271e-01 -3.872362858045497180e-01 2.562499372371324746e+00
3.008092742977195866e-01 -2.423215816480739360e-01 5.444137870549866642e-01 -8.176642134626472824e-01 2.834191280711407135e+00
-1.928655173809252221e-01 6.157134330873965666e-01 1.122875750126928196e-01 -4.400984980536722935e-01 2.509997558269758233e+00
-9.152320837663940889e-02 9.308324871716626703e-01 -4.638807077103656584e-01 -2.434088992008117680e-01 1.986238962387482099e+00
2.206209424156875820e-01 1.715094652818653920e-01 -9.801762385804346778e-02 -5.063645191067034368e-01 2.886939697385745962e+00
2.803932266099629644e-01 -2.575080420858698593e-01 2.002608449173276517e-01 -6.884454724092365918e-01 2.657917823905858956e+00
1.409245634899871091e-01 -4.406947211167833722e-01 7.150743793163384376e-01 -8.750445635108400344e-01 2.835825247793415826e+00
-5.351984250003222199e-02 6.600863721790819483e-01 -2.012823848834408569e-01 -5.092260063794479263e-01 2.992938024860104296e+00
-2.901492144954762598e-01 5.032387104699704850e-01 -9.480829856109318499e-02 -2.042517049422025721e-01 2.718769297011278230e+00
-1.801977287553894747e-01 9.749681378190071523e-01 -3.019041721348793561e-01 -3.235305428376584747e-01 2.137109127301489053e+00
-3.033089560773434834e-01 8.539510312053206764e-01 -3.747747347597485401e-01 6.728837678192278737e-02 2.415858769011290708e+00
1.828635530172460499e-01 4.811947422477347303e-02 1.681675919478257120e-01 -6.224806605428101491e-01 2.368801042624228970e+00
-2.855322996620934806e-02 6.116795295336072691e-01 1.147417649456546895e-01 -4.620867686758144410e-01 1.978150432805227066e+00
-1.671609754126051062e-01 1.821874452771905517e-01 4.989168813746928111e-01 -5.602809635089422979e-01 2.285608547700465287e+00
1.059959035904515789e-01 -5.249321188576827613e-01 9.682335100934097438e-01 -9.140511531761470465e-01 2.651873281022681716e+00
-1.571989280468925609e-01 4.757132509264652143e-01 8.963351409304443074e-02 -5.068163328866104322e-01 2.739899343925498609e+00
-2.266872831287147783e-01 3.981199296271016319e-01 7.585229370025836637e-02 -1.571124672385689758e-01 2.828111385044782100e+00
-6.188304275766737250e-02 1.278483915232022650e-01 4.211379388839000537e-01 -4.745869499199089070e-01 2.152394316299969024e+00
6.049025512978939423e-02 -9.947393815505578551e-02 -9.478002430417409307e-03 -4.321164546086481151e-01 2.987570118899479432e+00
-1.071993529919307298e-02 7.255779828170767498e-01 -3.927091996544701535e-01 -2.453667589137422667e-01 2.588546741141361629e+00
-3.556355959393303623e-02 -3.998811086902067657e-01 8.241914394126451660e-01 -6.265469845619735523e-01 2.933182225526011599e+00
-3.531758311576732590e-02 8.439849165430168831e-01 -1.438920972203315274e-01 -4.403997072402769941e-01 2.789810905741838543e+00
-1.740483168012458837e-01 8.181204761098956890e-01 -2.037365748164027823e-01 -2.783491648469554880e-01 1.973212996725080881e+00
-2.024586000293892019e-01 1.015093742013997158e-01 3.639364350617875221e-01 -3.019940859954234336e-01 2.966951608182027300e+00
2.015011271060762610e-02 -8.144001638517317510e-02 6.038806969690641013e-01 -6.336254004471835177e-01 2.090599548441659294e+00
-4.400718779374961365e-01 8.470696663194443587e-01 -4.882338231989877264e-01 2.070494393664972232e-01 2.710089541879358688e+00
7.561780853698246707e-02 1.584586008431345672e-01 3.560075137399106859e-01 -4.947679654224230172e-01 2.475268945391593256e+00
2.826733649007712179e-02 4.225606393941794270e-01 -1.004435395340863568e-02 -2.994338079092835336e-01 2.715856006824475699e+00
1.055039506341201583e-01 1.309331412996295185e-01 1.876123275705239291e-01 -4.815147612118167997e-01 2.426861392407486662e+00
1.831095294954118713e-01 -7.740611283138354448e-02 5.746192016145178494e-01 -7.251929931750084046e-01 2.211522840953286995e+00
-1.348150685338099786e-01 7.400525779218509737e-01 -2.009048172014467615e-01 -1.235276429321465752e-01 2.311840513628698801e+00
-2.943308146242938905e-01 4.837810580340444755e-01 -1.144418180247885330e-01 -3.925074465701318127e-01 2.861902812889845826e+00
5.298797254573422988e-02 3.444927412061349337e-01 4.288780763647795924e-01 -4.461226817857660842e-01 2.942001189642603709e+00
9.394305616033032935e-02 -1.381519545825673490e-01 9.114378482102092338e-02 -5.423590169059635535e-01 2.940633259394144439e+00
-2.681343196996422984e-01 6.192727597525051753e-01 2.884511729198779850e-02 -3.854290306849217362e-01 2.327223602434032479e+00
1.636773877203182015e-01 1.791026955007632981e-01 -2.990724145199232797e-01 -4.614843503026051508e-01 2.722837264750229469e+00
-1.431782687914452956e-01 -3.303317373969849591e-02 9.374617440108871103e-01 -6.364868877199281183e-01 2.710759294628156013e+00
1.008303975489709958e-01 -4.549320277772170851e-01 7.256462744121744413e-01 -7.565187485818958280e-01 2.499997132597780780e+00
2.150298334051919946e-02 -4.475760860026596344e-01 8.749742926408569099e-01 -8.851350712620971173e-01 2.967381714940442894e+00
-2.675193785042279671e-01 3.672724318628288742e-01 -5.252071817774950357e-02 -3.562117395842671064e-01 2.998503926412730891e+00
-4.532316195193633601e-01 7.801543250154059361e-01 -1.682452127089535954e-01 -2.896445093446312624e-01 2.950774779032259598e+00
-5.425777193452946401e-02 6.358829508563446087e-01 1.472125855971508912e-01 -2.580175447511390274e-01 2.801892849653596418e+00
1.987290358589364758e-01 -5.889761417281969003e-02 -5.195436665475833271e-02 -5.084729834129362303e-01 2.495569330466864688e+00
-4.398259014593304261e-01 8.919171822998104293e-01 1.547639392370337985e-01 -1.394917298221949320e-01 2.398568428594866297e+00
-1.896678231647705437e-01 8.005611312286939896e-01 -5.082449103446772254e-01 -1.192963929510992838e-02 2.632710859291571115e+00
-6.864739590722540585e-02 6.795440246150077357e-01 -1.878787321726488879e-01 -3.839229847518981220e-01 1.837438850692445946e+00
-3.286445333284149228e-01 8.136119956674250364e-01 -2.660352423454359627e-01 6.246902979624779917e-02 2.434895662240279979e+00
-1.456380335731026210e-01 4.315776002791209542e-01 4.611601131752788296e-01 -4.839244347046542938e-01 2.347437023575636772e+00
-4.036010091816499834e-02 4.574420407122421484e-01 1.800609739306410217e-01 -5.096778201593549218e-01 2.061218121041601403e+00
1.155889862389156142e-01 5.623235331107703239e-01 1.062464921007866270e-01 -4.355803602546018949e-01 2.871745135200875154e+00
-1.948333292062511268e-01 2.566960168001268805e-01 9.699608389193026259e-02 -4.033509772879004807e-01 2.423408393591353960e+00
-1.547391632652351245e-01 7.792051712380434481e-01 1.743974587007290911e-01 -3.190124050385882981e-01 2.393956550223774293e+00
-1.329702449475669290e-01 5.798828779919718013e-01 5.085448572655434374e-01 -3.940134925031552049e-01 2.909490211643260604e+00
1.938095062956216030e-01 -3.317793251644656216e-01 6.425813843734634601e-01 -9.241416609274040184e-01 2.580959499086984632e+00
-1.457610218121855317e-01 5.139166904652958667e-01 3.337310205022563370e-01 -5.101296339392620283e-01 2.425126758426746409e+00
-4.347833836569326982e-01 7.160864450434540895e-01 1.526873169860659685e-01 -2.568127080047204469e-01 2.836123823869562965e+00
1.972531769899421028e-01 6.947543421542401454e-02 -4.610206758384904902e-02 -5.944682061885743218e-01 2.480336812531466428e+00
5.716957267455174962e-02 6.790694477263268247e-01 2.999387129637807181e-01 -5.119368890588901211e-01 2.871568967955188789e+00
3.471758404319618685e-01 -4.769998531008893261e-01 5.517763568538726071e-01 -7.992904530797613205e-01 2.776426924248815098e+00
5.040521952499382730e-02 4.460521953838951781e-01 -2.294111771920043230e-01 -5.572688716428955136e-01 2.584905529749790709e+00
8.730169124985526219e-02 -2.757792523000931473e-01 7.730310185024388270e-01 -8.541105250418143946e-01 2.821905579080844717e+00
-1.512954925709147358e-01 3.838826229666680856e-01 -1.467238548352876037e-01 -2.589211723109531293e-01 2.361527672730567406e+00
-2.437826483612338391e-01 4.776115584811899684e-01 -2.188392820961684304e-01 -3.640431784359888789e-01 2.716847157743491614e+00
-4.451143957398938644e-01 7.151372912660920456e-01 1.796834062486469819e-01 -1.560582350854525790e-01 2.880584314976375460e+00
-2.297619891057865182e-01 4.937471726963480467e-01 7.056634615234025354e-02 -3.697661529814779691e-01 2.135286764208370602e+00
-1.552311162215666007e-01 8.185950529985768220e-01 -7.479721141540374152e-02 -1.851249215928048031e-01 2.049094194666234436e+00
-5.893132501967851544e-02 5.020522682482677634e-01 -3.685165937499268463e-02 -2.491318737463008581e-01 2.460931286826462117e+00
8.238216168654027838e-02 -4.122201077959160576e-01 8.258904939816186230e-01 -8.989906938459126806e-01 2.826886755976994348e+00
-3.386065806941275236e-01 6.477473730733724899e-01 -1.721813991129739208e-02 -1.943118017842477840e-01 2.175512586117091196e+00
2.848208032169463055e-01 -6.601865321318027835e-01 7.922869702841400796e-01 -8.492911780561394064e-01 2.946860869838282770e+00
-1.266978447543404829e-01 8.060187654485271302e-01 -1.161408725937622122e-01 -4.425081715465097876e-01 2.738469107045629514e+00
1.558061404190144716e-01 -3.509996891560511756e-01 7.162070823623206683e-01 -8.419115529843245183e-01 2.217080317445603299e+00
1.978681181853562676e-01 -4.015182706991538009e-02 1.553302907600250249e-01 -6.411556301123007007e-01 2.328511136665293080e+00
-1.077576559355783448e-01 9.044934698498601211e-01 -2.903883578340580307e-01 -4.176584136516231505e-01 2.671472779099772321e+00
-2.971595441231998924e-01 4.593403482669666804e-01 5.034476935586226221e-01 -2.967229252298413389e-01 2.471474552412995074e+00
6.577874941035272149e-02 2.896791105634652919e-01 2.144196329921079780e-01 -4.220259468573910322e-01 2.522434993920942059e+00
-4.786238350222010718e-02 3.447300296504753891e-01 6.831699101878335734e-01 -5.491362236045689293e-01 2.832509254563896572e+00
-4.896927765396597021e-02 4.099843518441299572e-01 1.740198910187348291e-01 -3.504887650387780162e-01 2.303801214500701633e+00
3.218402631808904846e-01 -3.165928647266696982e-01 8.570398277461351855e-01 -9.188705001618220347e-01 2.990089247126073158e+00
-3.475847221471770609e-01 2.168315581509128176e-01 6.693886897950472870e-01 -3.419043032205443255e-01 2.824183532124335816e+00
-2.542366486832778882e-01 1.392382368515492352e-01 1.853469214785591346e-01 -4.510926333647433673e-01 2.801168958259025121e+00
-7.030288126706918383e-03 -4.001183971345474433e-01 8.657238844320002125e-01 -7.263978299214270962e-01 2.495011830384500140e+00
-2.794492376952664725e-01 4.830691927010228870e-01 -1.551908534232365744e-02 -3.649468059958029809e-01 2.650215864100127661e+00
8.066032633938019503e-02 9.025951622951355890e-01 -2.405494238108314975e-01 -4.125378574793434616e-01 2.928760790901145050e+00
-1.760161286265718439e-01 4.866285193661314956e-01 3.975399587592662876e-01 -4.342249189148809085e-01 2.202985040395279537e+00
1.014453387443854937e-01 2.377129412528820041e-01 3.293889921593237124e-01 -4.953703837956323075e-01 2.442785238729467512e+00
1.133751979354238881e-01 -5.469999441813548913e-01 7.447134423528781744e-01 -7.828745524098059683e-01 2.926720168737823258e+00
-1.359219626855558416e-01 2.614417856869382106e-01 5.130756694494730263e-01 -4.884425725037244703e-01 1.844151644755086084e+00
3.909030152936970870e-02 -2.919148665152512256e-01 7.343303310980394683e-01 -6.709753395861648428e-01 2.541885212234919145e+00
7.807757331863979244e-02 -1.485926461335520532e-01 8.013485946519994796e-01 -6.664572017870944443e-01 2.971547960324801618e+00
-4.093248181667783481e-01 8.114763996683600489e-01 -4.625592208233861857e-01 -4.370720848190434715e-02 2.730316829563806280e+00
8.951547955334687723e-02 -2.774402714104770018e-01 3.746971139986206012e-01 -5.601303589156400031e-01 2.736856239914508215e+00
3.265138162660396470e-01 -3.144572687276045997e-01 1.532536685090571948e-01 -7.123916027443092380e-01 2.990631154401866887e+00
5.876841978262908883e-02 5.599506486673646588e-01 5.357580046260401740e-02 -5.263949300159151967e-01 2.338428390720006522e+00
-7.541174905678327267e-02 -7.168733306577301789e-03 6.063348869020258602e-01 -6.313663315476485405e-01 2.052953620026742421e+00
3.761444266037533568e-02 6.033744339816875524e-01 -8.933356717217816323e-02 -4.934125240827018644e-01 2.270815806898482059e+00
-2.879354261919845892e-01 5.006285375822243644e-01 -1.408715557643783756e-01 -4.068148829338543715e-01 2.784467565634945796e+00
-1.100944324781529260e-01 7.272390019274606043e-01 -2.177065790501859777e-01 -1.036478366162371101e-01 2.606736652509961338e+00
-8.734160824782177812e-02 3.985945065157829870e-01 2.663351892663022857e-01 -2.953674838901203525e-01 2.793374936865825386e+00
-1.575678927641411819e-01 9.747547064761041824e-02 1.536312361910512347e-01 -4.705206259007456149e-01 2.612519754115605775e+00
-1.785325316599956080e-02 7.234423868180117623e-01 -2.248803650080746785e-01 -2.310593225500197079e-01 2.523997604199622824e+00
5.089717248132535898e-02 3.751029505260672359e-01 -2.716987575753481154e-01 -3.553081120244530045e-01 2.533430096314236657e+00
1.387107751864952720e-01 -6.577897905869611872e-02 1.709993495627817328e-01 -5.522989200639181195e-01 2.152596613626199584e+00
4.437879580993325801e-02 4.982556531388186993e-01 3.950857688263041956e-01 -4.456708680058589778e-01 2.629247216199718462e+00
-1.002553733515232359e-01 3.509246688747968967e-03 5.123205340854847245e-01 -6.385953520261609118e-01 2.310427111901550035e+00
9.204159432232017490e-03 5.756116859938420482e-01 9.284283938999460251e-02 -5.141959579584252094e-01 2.373069500949621435e+00
-4.544615019101920783e-01 8.798154716384418705e-01 2.000720610763305762e-01 -5.018320599390524439e-02 2.723435731850186059e+00
-1.809922964416527114e-02 2.227637692594268692e-01 4.596498424473021149e-01 -6.259445661887640400e-01 2.168447598053392600e+00
-1.330932331866498397e-01 8.553747618713638534e-01 -3.298441806024458023e-01 -3.471754639861264202e-01 2.283159711591471464e+00
1.091935978066062574e-01 5.502218224494015431e-01 -1.403052042413871492e-01 -5.191659095374026034e-01 2.653059382942958511e+00
-2.607550253546701002e-01 4.007301025148481965e-01 1.879898952525180800e-01 -2.711201443684430057e-01 2.180442593850296262e+00
-3.152388152683819889e-01 4.197131780620930730e-01 4.766403881370384621e-01 -2.554572666649992385e-01 2.674079303317541623e+00
2.777538353374570113e-02 8.731713951969060084e-01 -4.149856928921244470e-01 -8.075593843428086060e-02 2.980669063952426256e+00
-3.735352405936628872e-01 7.130016952670268360e-01 -3.328647220583988986e-01 1.093070583132764728e-01 2.979250480795520239e+00
-2.912561086472220673e-01 4.885268269208558056e-01 3.677121118817289203e-01 -2.522945702056500483e-01 2.346986406111081891e+00
-1.557230691778981324e-01 6.987643886065932897e-01 2.650137023793227575e-01 -3.214220785314257922e-01 2.485436253015632868e+00
7.131322016908198114e-02 7.993746890069914901e-01 1.260970696623975318e-02 -3.328680276224036394e-01 2.847737611790910339e+00
