7.624661041210956114e-02 4.009782169062503510e-01 -1.112536363632810055e-01 -9.025023162402343591e-01 1.839512797430960189e+00
-7.309963804882801952e-02 3.605719305312502510e-01 3.250293962539064774e-01 -4.432290489355468210e-01 2.039787056041221458e+00
-2.429569592597654593e-01 1.885121945937503485e-01 -4.955952865234358740e-02 -9.254013258789040020e-02 2.096421159616058905e+00
1.813190428710953483e-02 7.601945430312504470e-01 -2.444735820976561280e-01 -6.882805800097655524e-01 2.065420702947517562e+00
-1.568531851113279529e-01 1.081436469687504509e-01 8.156327388476566354e-01 -3.307909736230467690e-01 2.408687792436784214e+00
5.861990726757826398e-02 4.913373298437504477e-01 1.254452709101566699e-01 -8.610181070019531369e-01 2.173394475980655827e+00
7.902415151367214730e-02 9.813190552812507406e-01 -1.749140901367185474e-01 -6.692386479003905597e-01 2.874020947056536546e+00
-2.435979302832029791e-01 -1.462930009374974194e-02 6.167859932773441800e-01 -3.713684241894530391e-01 1.981853968117345044e+00
-3.099384312089842330e-01 9.047247212187505827e-01 9.570428671484398908e-02 2.041966427832034858e-01 2.912413385299663204e+00
-3.229114955664047493e-02 5.290794654687502874e-01 -2.528305528632811550e-01 -7.837169302246093094e-01 2.728901427520588285e+00
-3.087633176660155021e-01 7.566423420312504700e-01 -2.690529078789060113e-01 1.908219523730471101e-01 2.488143225564011018e+00
-3.325260609179669924e-02 -5.119374400937498626e-01 9.766273227148442038e-01 -9.215442483496093518e-01 2.653633954970475717e+00
-3.323724170292967628e-01 -3.021355685312498429e-01 6.130990944101567530e-01 -1.637206883300779126e-01 2.352981384154360089e+00
1.538041042480470244e-01 7.906102640937506809e-01 -9.425264342851562560e-01 -8.308683811621093707e-01 2.404533657332164953e+00
7.272126978320325730e-02 8.316825881562506240e-01 -8.073401424882812316e-01 -6.236740246386718312e-01 2.367462605595985536e+00
-7.929569127539048967e-02 5.208650006562505208e-01 1.283947900039065226e-01 -6.232206453027342441e-01 2.042489152926874940e+00
-1.345260277949217320e-01 2.679926919687503073e-01 4.435017465195315589e-01 -5.670016076464843291e-01 1.720553433142836042e+00
-1.557849000722654198e-01 6.050077618437506022e-01 3.609152118945316845e-01 -8.392592520507802245e-02 2.814672731557414931e+00
-3.192325110488279938e-01 2.320266568437505672e-01 -1.377993082070311237e-01 1.735935376074221326e-01 2.801145470045021124e+00
1.955740492753907933e-01 5.670436136562504448e-01 -5.780150329492186323e-01 -8.088794833691406172e-01 2.568770872209856559e+00
6.273940353515805590e-03 -1.394003602187497970e-01 -2.619249034023435341e-01 -7.410992726464843416e-01 2.858722525678299764e+00
-6.295093017773423227e-02 -6.458212665624973869e-02 8.520101410039065959e-01 -6.832934073144529830e-01 2.559323166850650644e+00
-2.035372413183592077e-01 9.398027060937506061e-01 -2.685613213632811469e-01 5.254125491210948073e-02 2.691347808883789661e+00
-4.842225364648422570e-02 4.129668952812504124e-01 1.111892619570317153e-01 -2.494093828222655462e-01 2.748885724843204148e+00
-2.099469515527342400e-01 8.081492565312504706e-01 2.773455042382814151e-01 -8.075226985351535713e-02 2.917531088413360951e+00
-3.576907724550779655e-01 5.168687745312503523e-01 1.682132977695315335e-01 5.752842760742205019e-02 2.467220683810871673e+00
-1.886880792753904967e-01 9.575637110937504914e-01 -8.020468082030940415e-03 -3.405419825195288297e-02 2.925170707250149160e+00
-4.402692059746092790e-01 5.104304102187504633e-01 1.013575316445315400e-01 3.436107885839846388e-01 2.838214837393520540e+00
1.375661716542971869e-01 7.648568068437504586e-01 -8.803407400585937514e-01 -5.048886386230466705e-01 2.625571753574090117e+00
-2.980804672753905038e-01 3.743367094062504119e-01 -2.265306742773435245e-01 4.347366819335973798e-02 2.706557814691061825e+00
6.086330584960963908e-02 6.434159351562505069e-01 -2.985480988164060934e-01 -7.635415497753905711e-01 1.780746286802745049e+00
-1.909314778574217608e-01 8.521077439062505476e-01 -1.154321217460935189e-01 2.758305778613284742e-01 2.853960442278613563e+00
-2.281077972167967483e-01 7.213423445937503509e-01 -5.642506105117186532e-01 8.745146377929702286e-02 2.430071656351024956e+00
-1.741594027441404902e-01 7.690750455312505007e-01 -6.657632259882811931e-01 1.876482970214846668e-01 2.939138810956318348e+00
-3.689077653652342859e-01 3.905436264687505155e-01 3.188845648085939510e-01 -6.579075176757809285e-02 2.652323135403733545e+00
-1.918929343925779296e-01 8.816251634375027457e-02 1.876309651367190634e-01 -5.461461581933593212e-01 2.605341141679646810e+00
-1.883675937636717368e-01 -4.055934226562498690e-01 5.287920069804691314e-01 -4.917406378808593104e-01 2.482895021486889231e+00
-2.647499740566405246e-01 4.402744404687501945e-01 9.552433092851567720e-01 -1.519328255957030915e-01 2.888657806083684942e+00
6.887544364257836005e-02 3.918757018437502015e-01 -3.990775412617185713e-01 -5.642813316308592508e-01 2.638274578451786034e+00
-2.940677995117169097e-02 -3.794061915624968861e-02 4.538250633476564877e-01 -6.789863036230467941e-01 2.069274865713512490e+00
-4.118528239355467302e-01 -2.861506640312497796e-01 8.495522084257817186e-01 -2.763854533105466471e-01 2.586833313175452620e+00
-4.767445411914039699e-02 6.183285155937505717e-01 -2.218606023789060355e-01 -5.153163633496092855e-01 1.761135359793100763e+00
1.143843863066408284e-01 9.320322664062505869e-01 -5.758028936289061317e-01 -4.031049777050780270e-01 2.551875323646785709e+00
-4.806503804511717548e-01 1.494379835937504897e-01 5.941730135585941985e-01 1.522847088183595377e-01 2.705822025134227538e+00
-1.605321696289041533e-02 8.152536585312504247e-01 -6.299915277343526299e-03 -5.846834017480468937e-01 2.558756519200313662e+00
-4.703348309570298813e-02 8.902939046562505787e-01 -2.493894472539059937e-01 -4.042384260449217726e-01 1.991001875337810034e+00
-2.907093005058591917e-01 5.042140584687504479e-01 8.006393501210943286e-01 6.976966967773468031e-02 2.956697893119853759e+00
5.098826810547074651e-03 -1.096506768437497392e-01 -1.299339239570310722e-01 -9.628017679199218914e-01 2.731441160037663796e+00
-9.617459489257795813e-02 -1.362921843437497893e-01 8.488148286523441444e-01 -9.979386664550781161e-01 2.320144374706725632e+00
-2.321672803652342076e-01 9.724385527812504648e-01 -9.587487893007812234e-01 3.517716166308596515e-01 2.683822485273213765e+00
-2.754328244472654674e-01 1.854040187187502298e-01 3.240462232226565265e-01 -4.226002891503906067e-01 2.756601098151765239e+00
-5.025502237519530180e-01 4.604775836562504665e-01 1.057818102851565412e-01 5.496716967675782106e-01 2.977520632469951689e+00
-1.866583377011717393e-01 8.134775580312505472e-01 9.496690694140641487e-02 1.416302944238284622e-01 2.964470368985929749e+00
2.258065158808595374e-01 8.636523971562504176e-01 -8.213503581835936984e-01 -6.488365777832030279e-01 2.589385431334243037e+00
-4.318297541660154892e-01 -6.591420203124975785e-02 7.642619479648443681e-01 3.395270213867196407e-02 2.588496750491891429e+00
3.565177892773452317e-02 6.862541084375028966e-02 -6.971457579296858054e-02 -6.341017493652343351e-01 2.862120287401694441e+00
-4.340731527480467533e-01 -2.830424881562497719e-01 8.915828555117190080e-01 -6.171369091796830020e-03 2.652230612937137355e+00
-5.248173679492174060e-02 1.003732072812504317e-01 6.551297414960940424e-01 -6.166466449316405640e-01 2.417504664959037264e+00
-5.690852083984232479e-03 3.703404832812504655e-01 4.304747038554691541e-01 -5.268775364160156460e-01 2.825759754155956482e+00
-1.135876410292967487e-01 6.511863748437505262e-01 -4.044849929335936345e-01 -5.085156733105467008e-01 2.576027768908129900e+00
-1.583955995507790870e-02 5.927970709062506671e-01 -6.244699586757811449e-01 -5.640546419628904573e-01 2.729197263772026094e+00
7.913098001757834510e-02 4.447146917187505544e-01 -6.237325789023436817e-01 -7.406458933105468656e-01 2.251146999008193816e+00
-1.965933885644530199e-01 2.153757146562502722e-01 -3.941616761054687057e-01 -2.004444145410154698e-01 2.958219998889154656e+00
-3.748901615839842494e-01 3.290461466562504267e-01 7.133827435976566322e-01 -6.307047575195290356e-02 2.939881090547499909e+00
-4.296931840878904785e-01 6.447480105312506371e-01 -3.130499010273436467e-01 6.299198392285160208e-01 2.765892069659916963e+00
-3.915554081933592112e-01 2.069392372812504099e-01 7.605750490976567191e-01 2.091838154785160553e-01 2.378435276000422594e+00
-1.864446806933591771e-01 4.162970837187505158e-01 1.365059675117191729e-01 -1.410550747070293820e-02 2.329146641044229415e+00
-2.165703187949216679e-01 7.146819677187505881e-01 -6.478203181679687006e-01 1.817543656542971453e-01 2.477103815390218955e+00
-4.105108687695291358e-02 5.377379554062502454e-01 -6.271736845117187320e-01 -2.684513149316404279e-01 2.525679577776994922e+00
7.656709592382826557e-02 9.102750352812505330e-01 -4.752734511835937647e-01 -7.440462383300781024e-01 2.162440781567315007e+00
-1.050413607167967056e-01 4.160750711562501980e-01 2.483418998164067526e-01 -4.153462197753905460e-01 1.970390568741978932e+00
-3.923032077207030399e-01 5.477285207187503335e-01 3.210967041289064516e-01 4.914124520996095979e-01 2.488775687269896064e+00
-3.442303809628904920e-01 3.021826265937501699e-01 4.548082363789066607e-01 1.638458818847657872e-01 2.470277994531425936e+00
-6.530115726367174966e-02 -4.391173195937498330e-01 9.380377812382815206e-01 -8.526305892871093306e-01 2.489049671020351795e+00
-1.322826292128904679e-01 3.152813677812504878e-01 6.843791391757815257e-01 -5.896705744433592411e-01 2.143819992298643395e+00
-3.248944217558592529e-01 7.943844776562505317e-01 -2.235811551835936717e-01 2.633626461230470506e-01 2.644862556846834245e+00
-6.946746891601546237e-02 4.063065184062506496e-01 4.673436925273443121e-01 -2.800124879980466774e-01 2.940762787155019264e+00
-1.130534985097653711e-01 -4.497739225937498753e-01 6.278466898789066830e-01 -7.914243789355468461e-01 2.091289129926827695e+00
-4.539432544746092590e-01 3.958719279687503700e-01 7.948193169921891066e-02 5.834484572949222292e-01 2.936721002711882189e+00
-3.983924324433592568e-01 2.058291744687503755e-01 7.072379121523441059e-01 -1.464922735644530460e-01 2.793456451383728112e+00
-1.847354246308591796e-01 6.296511562812505680e-01 4.752090767773441415e-01 -1.605470329785153583e-01 2.820767458836261010e+00
-2.459949727539045838e-02 8.680926484062507775e-01 7.358289351171898307e-02 -6.286611973339842896e-01 2.722248290862096187e+00
-2.167839758027342856e-01 3.488052647187505073e-01 6.728268560585940472e-01 -2.430620721191404376e-01 2.310318009463297795e+00
-8.976488465820292584e-02 7.719612088437504127e-01 -6.254531317070312069e-01 -4.105857367480468811e-01 2.381501368981452149e+00
-3.746765045761717428e-01 4.689140610312505508e-01 3.695179759179690882e-01 -1.138523145507797096e-02 2.554417255053045732e+00
-9.553362386914043825e-02 6.147763145937505946e-01 1.215125787851566441e-01 -5.874036777636717499e-01 2.375913273950549076e+00
-2.141132632050779527e-01 -4.817437315937498354e-01 8.131748062695317580e-01 -4.674848434082029547e-01 2.492783803379318375e+00
1.125683017402346886e-01 9.038366709687506440e-01 -2.164531507070311944e-01 -8.841404531347656359e-01 2.513422050204785041e+00
-3.233796494140461775e-03 3.747807345312501592e-01 1.286405832617191214e-01 -4.996747762597655296e-01 2.195575548297783008e+00
-3.347226441152342247e-01 -1.538311767812496900e-01 4.764380430664064692e-01 -1.705213783691404972e-01 2.320228012801976547e+00
-8.709417206054670402e-02 7.306566209375042753e-02 7.679488468320315731e-01 -9.893244590722656273e-01 2.797227939656431683e+00
-4.521739852929662629e-02 6.218704653125028958e-02 6.013010180351566758e-01 -7.236441682128905706e-01 1.950844579457025940e+00
1.293403768535158482e-01 8.092593193437505050e-01 2.092607718242188719e-01 -9.854707347167969145e-01 2.898245079430427751e+00
-4.688992450214842789e-01 1.791876669687503254e-01 5.735263799023441189e-01 1.493377431347656659e-01 2.634025719442441460e+00
-9.286291127148416091e-02 8.265762992187504210e-01 -1.387824812382809636e-01 -3.278440079394530082e-01 2.082580306868984099e+00
2.138417234433596104e-01 6.367555582812505222e-01 -7.984915852070312292e-01 -7.134431331542967492e-01 2.796110574269035975e+00
-4.008963034179668927e-02 7.044693898437506263e-01 -1.790925755195311719e-01 -2.101920702636717042e-01 2.375640207144690041e+00
-2.129381496621092218e-01 2.149316895312505249e-01 1.441255585039066256e-01 -2.364880717480466465e-01 1.827869971215347444e+00
-2.297102247753904924e-01 2.302505563437502456e-01 -3.359086740039061159e-01 -2.326343473925780447e-01 2.986469176815270021e+00
-1.029047906386717504e-01 5.859146814687503646e-01 -4.152998962773435387e-01 -1.501193082519530764e-01 2.128699707827945264e+00
-5.060755643808592108e-01 1.441096820937503020e-01 9.127210756835940630e-01 4.805313480371095070e-01 2.757142528924308333e+00
-2.468027854003904675e-01 7.783995731562505238e-01 2.549783177773440324e-01 -1.195162030761716121e-01 2.675684302216135624e+00
-4.917005317382805440e-02 1.556543353437501720e-01 6.856081054648442974e-01 -8.703123833886717842e-01 1.937005738684085987e+00
-1.974480165957029909e-01 6.298731688437504417e-01 4.931519845976565231e-01 -6.352385508789060165e-02 2.915886408473072677e+00
-3.340816730917967603e-01 4.191832470312504277e-01 -2.596337590234354398e-02 2.570153354199221640e-01 2.189941441164623637e+00
-2.202024879277342251e-01 -1.533871516562498316e-01 5.332162856210939106e-01 -3.171895935449217108e-01 1.968790157339042057e+00
-3.116476872714842861e-01 2.269203679062503642e-01 6.003178450039065028e-01 -2.042981388964842937e-01 2.121392730881217492e+00
-7.053575395507793999e-02 -5.747669952812498595e-01 9.611423474726566996e-01 -9.467068014941406595e-01 2.565531551489976358e+00
-1.759754873105466855e-01 5.919090206562505063e-01 1.038154642226564173e-01 -3.700082861816405000e-01 2.324086607521955283e+00
-1.215997788222654141e-01 -5.630003294687498938e-01 5.305125597851566566e-01 -9.913646660839843250e-01 2.922805379239204804e+00
5.295799656054700488e-02 -3.667412242187498284e-01 1.242163046210938981e-01 -9.825237690332031537e-01 2.665347320449467539e+00
1.958945347871096088e-01 8.587681207812505324e-01 -5.748197205976561808e-01 -8.261078981347655947e-01 2.266148240620215581e+00
-5.632756293554674887e-02 8.836335277812505939e-01 -5.836682778789061832e-01 -2.929337990722655771e-01 2.009820009047894818e+00
-1.861710105664049486e-02 1.807417549062504403e-01 -8.519955103515597372e-02 -9.630284575878905740e-01 2.862934963235388874e+00
2.741998281503909007e-01 6.800480079687503121e-01 -9.540787174023437345e-01 -8.138666560644530756e-01 2.983132960749649065e+00
-1.023706481191404283e-01 -4.373412190937498445e-01 8.080131478554691826e-01 -8.630583140136718345e-01 1.971888133096095341e+00
-5.249842095722655477e-01 8.705245353125035113e-02 4.909398452773442445e-01 3.821480321386722112e-01 2.839702627835827276e+00
-3.230783371894530021e-01 -1.662741315624971516e-02 6.450522179257814903e-01 -2.015778628808592154e-01 2.233514213597855402e+00
-4.527681409316405281e-01 6.360895205937504571e-01 4.476802319023441834e-01 7.289832241308596972e-01 2.907446837537743356e+00
-4.226425028300779818e-01 4.664616715625025112e-02 8.763436735273443245e-01 -2.816026688476547246e-02 2.521163228723906080e+00
6.182476238476586339e-02 6.256549301562506216e-01 6.972920644531366285e-03 -9.671088716113280803e-01 2.368933206094375965e+00
1.205804395332032986e-01 3.818851365312503354e-01 -3.214068717929685626e-01 -8.177203804199217885e-01 2.495174748922489361e+00
-4.361497097070299311e-02 7.939404525312505623e-01 1.116808484726564688e-01 -6.597176818457031189e-01 2.585249477495132453e+00
-3.379274992324217131e-01 6.683905906250231510e-03 1.635432258710939335e-01 -6.692420010742161640e-02 2.533047986734942914e+00
-5.130662325195300966e-02 -2.384179630937498517e-01 1.360143809960939754e-01 -6.866937523339842198e-01 2.571651816529523682e+00
-4.244585873964842326e-01 -3.492022317812498167e-01 8.537306938085941210e-01 -9.458033959960920889e-02 2.642651887724379645e+00
5.413311010351584684e-02 -1.429525612187497741e-01 6.315335887460941100e-01 -9.940849420996094032e-01 2.523902344405686726e+00
-3.543790888339842793e-01 8.025989424687505203e-01 -2.367223152343500558e-03 4.710103819824221771e-01 2.961128050237924914e+00
2.314684265878907965e-01 8.470014549687505667e-01 -9.014789602304686955e-01 -9.519206638574218005e-01 2.248733693631161934e+00
-1.880471082519529769e-01 -3.347714152187498682e-01 9.503274441289067953e-01 -5.930709194628904779e-01 1.949030152644549485e+00
1.018854513496095793e-01 7.797316485312506540e-01 -6.355306552773436479e-01 -9.863774933886718665e-01 2.827811133557940337e+00
-2.195615169042967607e-01 2.211480412812503182e-01 4.359611605859414762e-02 -1.655342056738279277e-01 1.851019647055674788e+00
-3.744628475683592361e-01 4.864530534687503405e-01 2.822613693945316138e-01 2.114507121582033244e-01 2.944579849170186669e+00
-1.851027255273418604e-02 3.490272772812503810e-01 -2.869958156992186149e-01 -4.672581537402343832e-01 2.128271905488254845e+00
-1.962729030527342600e-01 5.552666965625019380e-02 3.247836029960941007e-01 -3.246703525878904539e-01 1.849745944984119816e+00
-2.127244926542967152e-01 3.006285386562503881e-01 8.158785321054690121e-01 -4.148928404394530700e-01 2.378915134055899383e+00
-8.997854166601548798e-02 1.347851544687502789e-01 6.883118313007815514e-01 -7.637682394433593647e-01 1.826826986284043386e+00
1.262423502402345576e-01 4.877851288437504707e-01 1.224957518164065950e-01 -8.650985210253905322e-01 2.622652701701039479e+00
5.349213908007832696e-02 7.912763017812507460e-01 -6.288942373164061461e-01 -6.148331275878906599e-01 2.068256046415985594e+00
-6.166898813085913700e-02 -1.263016190312498122e-01 5.686105147460939202e-01 -9.693757682910155715e-01 1.767980860453102210e+00
-8.613271552539053522e-02 2.482335739062504487e-01 2.085233920507815197e-01 -6.329683010253905895e-01 1.904359418795811276e+00
3.362203735351576572e-02 5.053241212812504823e-01 -5.042770556054687603e-01 -6.667450615527343860e-01 2.351527430703979515e+00
-9.681556591601547801e-02 6.323153070312503843e-01 -3.147704538320310608e-01 -5.023950522753903858e-01 2.158511091892099554e+00
-5.419099285742168259e-02 1.001511947187501139e-01 3.228172569335939768e-01 -7.372455482910156288e-01 1.769932141767404987e+00
-3.981596021484290482e-03 2.473455236562502879e-01 -1.972812765976560412e-01 -4.212401511425780676e-01 2.764472863007285230e+00
4.345025971289084854e-02 8.436712665312504633e-01 1.777992348242188880e-01 -6.458896120996093781e-01 2.908939957038946034e+00
1.653415826699221602e-01 3.614599807812506338e-01 -2.866710173828102004e-02 -9.034090749121093111e-01 2.775036601829591998e+00
7.549881088476573243e-02 5.195329252812506127e-01 -5.487656352695311490e-01 -8.682721763769530865e-01 2.521747707392247406e+00
8.895920237695342792e-02 5.128725484062504059e-01 -8.643641783007812718e-01 -5.565738829199218252e-01 2.729764188362724830e+00
-8.506443048632794657e-02 6.574027265937505415e-01 -1.323918565351560606e-01 -1.297205913085919260e-02 2.912956506968110482e+00
-2.826971627128905262e-01 6.840339828125030497e-02 6.521802224023439676e-01 -5.189433980371093158e-01 2.941404584345250761e+00
-1.524540431640408755e-03 8.747530252812505402e-01 6.235540871094014115e-03 -6.263943006542966874e-01 2.709676086866146250e+00
-1.128398415019530310e-01 4.360562017812503743e-01 3.461676164257815325e-01 -6.903207870214842501e-01 2.622565363916472769e+00
-3.935851497675779687e-01 -1.205292924062497661e-01 7.473022131757817155e-01 2.205182988769532892e-01 2.966879460809543012e+00
-4.007426595292967186e-01 3.254939456562504496e-01 6.192439258554690573e-01 6.478249698242211085e-02 2.953607349413445604e+00
-7.934250666015385534e-03 4.718002243437504628e-01 -1.402572407851560010e-01 -8.898076948339843639e-01 2.636100160699011763e+00
-4.025587440957030250e-01 -3.061420459374974978e-02 5.858160427929691716e-01 -6.851102778320294906e-02 2.491376418039961571e+00
9.248454300585962073e-02 4.629197218437504091e-01 5.676273417148441913e-01 -9.401328011230468684e-01 2.857833395369593799e+00
-2.637885175214841893e-01 1.116958479687504280e-01 5.895029416601565986e-01 -3.813461227539061138e-02 2.291003509342129263e+00
-3.623912266269530003e-01 -4.970728496874976532e-02 3.953262679882815211e-01 -4.425523331054670439e-02 2.376981755666646823e+00
-1.065369597714841410e-01 9.815410678437506142e-01 -8.161886997695312340e-01 1.082700283203230640e-03 2.051588108550430167e+00
-4.562934815605467764e-01 1.676430137187502334e-01 9.294350172148441169e-01 3.179948561035158550e-01 2.593019878533969091e+00
-2.679548291738279575e-01 3.417008627187505532e-01 2.847193019726564911e-01 -1.773220684082029708e-01 1.956982473816828882e+00
-1.295519034960923577e-02 2.995184758437503536e-01 5.553376788242191386e-01 -6.141530585839842793e-01 2.691132580227026949e+00
-9.190145473632793660e-02 8.172415203125027450e-02 -5.889967244921867628e-02 -3.403119396777342098e-01 2.709469734117702533e+00
-6.220313065039051459e-02 -3.332173272812497533e-01 7.062547391210941550e-01 -7.698888604785155687e-01 2.579668373806704995e+00
-1.595238977089842303e-01 5.828065055937505790e-01 1.930384168085940155e-01 -2.362647352539060108e-02 2.689732622880308899e+00
-2.857951893261717613e-01 4.722442494687502101e-01 -9.249434371093490093e-03 3.735304715820320087e-02 1.982545053671456614e+00
4.430488774414076403e-02 3.563536918437504308e-01 -3.509020627304686446e-01 -4.865267755175780584e-01 2.781237242875934879e+00
-2.699653974609139695e-03 1.134616971875024305e-02 1.913178640039062683e-01 -7.356587206152342961e-01 2.399649608790946242e+00
1.088293041035158781e-01 9.409127689062506406e-01 -7.515450729648436301e-01 -4.046918053808591376e-01 2.283211292055900454e+00
-3.024604359355467231e-01 2.633304281562505178e-01 2.530119717148441305e-01 -1.217830997558593253e-01 2.092752767880723841e+00
1.109658741816408334e-01 9.504593090937505373e-01 -1.500889710976560654e-01 -8.582978309863280586e-01 2.739194067081170303e+00
-1.273685180332029265e-01 5.979033598437504260e-01 -8.619062457226562834e-01 -1.004742709667967304e-01 2.584617451668194565e+00
-4.050157996855467402e-01 6.138882643437504338e-01 7.463190401445317645e-01 2.211983678808594478e-01 2.920363859544170548e+00
-3.086564891621091933e-01 3.907656390312503891e-01 -2.990396853320310688e-01 1.044531888769532069e-01 2.848809830562396783e+00
-1.567463566074216996e-01 8.327823996875027834e-02 3.579656928007816097e-01 -1.931903451660154092e-01 2.797973478035422179e+00
-2.566310077597654393e-01 8.237993843750235357e-03 9.451657857148439978e-01 -3.607140097949217417e-01 2.002975999144487318e+00
-2.513964110683592490e-01 5.597171990937503949e-01 6.546381549804690669e-01 -3.430322156933592881e-01 2.988066990136100554e+00
1.937579647089846535e-01 8.698687489062504330e-01 -3.162452133789060982e-01 -7.299914789160155681e-01 2.880397756188584513e+00
1.610684425136720277e-01 4.911153172812505741e-01 -3.029723774570310946e-01 -9.272114900488280798e-01 2.446207579677089683e+00
-1.675360355019529512e-01 8.403410780937508040e-01 -2.319381259492185876e-01 -2.176728293066404474e-01 2.178798210252025580e+00
-8.955122765039053023e-02 1.139159735937503859e-01 6.165402000195315813e-01 -7.148032711621092883e-01 1.595916461047037771e+00
3.693372097460956294e-02 3.812190988437502703e-01 -1.763888496835935848e-01 -7.970916206347655741e-01 1.702490698531671232e+00
-2.418886742207029816e-01 8.341247263437505666e-01 -5.103428819921862480e-02 2.728836121777346024e-01 2.749384573146086197e+00
-2.524646961074217266e-01 4.396084027812503514e-01 4.371111218164064338e-01 1.674729165722658175e-01 2.798014613400092276e+00
-1.817442265214842534e-01 -1.829148224687497937e-01 1.355227944804689999e-01 -3.561802164355467593e-01 2.779221954992208587e+00
-3.519220332441405086e-01 -5.368028470937498131e-01 8.699530488242191995e-01 -4.550169116699217531e-01 2.919635970220151755e+00
-1.133739840214841865e-01 2.113794885312505478e-01 -6.062022525390609040e-02 -6.794396829589843811e-01 2.942137980464862856e+00
-3.239797806054678375e-02 1.365612549687502675e-01 7.514806985585941179e-01 -9.408128701269531380e-01 2.018378468839741036e+00
-2.402862466621092374e-01 4.353799128125035445e-02 6.337457280664066106e-01 -3.763555968847653865e-01 1.952018504879718064e+00
-1.977685021074216953e-01 9.682100628125045461e-02 4.292457375664063823e-01 -3.799826315722654169e-01 1.806517329423151796e+00
-1.163651821308592238e-01 -4.164720382187498959e-01 1.743581292148440598e-01 -7.503935490332031000e-01 2.919703960377986185e+00
-1.948841325019530224e-01 5.679316639062506056e-01 -4.293101119726561166e-01 9.923932651367206592e-02 2.708829570565528755e+00
-9.969993552148415095e-02 2.051631367812503104e-01 6.937192829726565035e-01 -5.452393995214842581e-01 2.068697116005959291e+00
-6.433970072851546984e-02 -1.214173426562497049e-01 3.604236253789064870e-01 -9.680156302832031434e-01 2.261212982068113053e+00
-5.493879238476540028e-02 1.234625137812502826e-01 4.851198121484390224e-02 -3.944907703222654272e-01 2.745287345715402783e+00
-2.422091597324217416e-01 5.415121689687505402e-01 -1.454188991992184654e-01 -8.981985657226554398e-02 2.139034766327175596e+00
4.003174758789085352e-02 -6.902237790624976554e-02 -4.214447277226561761e-01 -7.882507235839842918e-01 2.886910339404713532e+00
-2.079172099785154826e-01 2.429052724062503721e-01 6.971603885820315538e-01 -3.922238736425780470e-01 1.978449240589662983e+00
4.778341298828370221e-03 8.592121459062505018e-01 -3.781851143476561150e-01 -5.196234670410155854e-01 1.935295765053106187e+00
1.668371817246095956e-01 3.765568350312504808e-01 -3.677827924609344823e-02 -9.111165236230468478e-01 2.736047462826092236e+00
-1.912519633691404652e-01 4.904492795937505090e-01 -1.810589215820311848e-01 -1.791355857519529859e-01 1.765474221181685399e+00
-1.919997628964842384e-01 6.245448673437503651e-01 -8.266261339843539169e-03 -3.428088791992156548e-02 2.208222492252063240e+00
-3.518152047402342553e-01 2.535618754062503033e-01 9.107547296210941612e-01 -1.612271019824216278e-01 2.318459381719522483e+00
-9.051268418554669903e-02 6.340914075312504838e-01 1.411760394101565508e-01 -6.492899571191406149e-01 2.740372739439001837e+00
3.069085236328317201e-03 4.720222369062503365e-01 2.498166593632816790e-01 -5.295978124316405022e-01 2.427862755699238928e+00
2.227084892675782468e-01 4.285077746562504508e-01 -9.737421780273437522e-01 -8.925279708496093312e-01 2.804713323261864844e+00
1.187643549667971588e-01 3.101750788437502848e-01 -3.695823503242184893e-01 -8.662319693652343888e-01 2.202687152777430324e+00
-3.333338735644529871e-01 8.914039674687503911e-01 6.915861487109398187e-02 4.023234125878908385e-01 2.918610570764957668e+00
-2.179590893457029610e-01 8.831895026562506246e-01 -5.005111516796856286e-02 1.756337446191408302e-01 2.830808177407742932e+00
-3.945466063027342485e-01 -6.347206384374970423e-02 4.090906904257817223e-01 -1.460388942285153480e-01 2.993688450211406504e+00
-1.662540934550779115e-01 1.565423855937504438e-01 3.594404523476567581e-01 -4.284942205175780172e-01 1.689267927609771069e+00
-8.025714781054671398e-02 6.764958069687503350e-01 -4.339801838710937165e-01 -6.105260238964842490e-01 2.790556469704532638e+00
-3.152798564042967322e-01 6.818241084687506337e-01 2.387559627617189539e-01 1.035464302050782548e-01 2.909728007561396712e+00
-1.381581969277341781e-01 6.640631034687505263e-01 -6.962415899570311151e-01 -1.093185211914038391e-02 2.506045456822760809e+00
6.855495813085954460e-02 5.483945584062503986e-01 2.222878144882817208e-01 -7.621814117675780320e-01 2.405355995040675321e+00
-4.066182272441405399e-01 -8.389721959374973892e-02 7.109248110195317549e-01 -2.580235902050780350e-01 2.730716801481601230e+00
-3.976914483007787382e-02 3.059568401562504647e-01 -4.980532191015607513e-02 -6.159665759277342945e-01 1.910960920914700267e+00
-2.646431455527342158e-01 1.640908127187502563e-01 3.171640120039064259e-01 -2.908935920605467684e-01 2.002485134358557239e+00
8.009243655273456941e-02 2.135996141562503947e-01 1.151219540820317411e-01 -7.376989276269529938e-01 2.572211187344481509e+00
-4.617885506445296162e-02 -1.225274054687497394e-01 -3.063344780078103291e-02 -7.465398246777343871e-01 2.405946780180721944e+00
-2.102674370644529445e-01 4.840109152812503979e-01 4.017168926914066462e-01 -5.490964770507800186e-02 2.416686655968558028e+00
-3.315177889980467363e-01 9.664442135937505451e-01 -6.119345025273437155e-01 4.363268627832032065e-01 2.782275085504397616e+00
-2.235609869335919431e-02 5.870247442812506211e-01 3.456760299101563350e-01 -6.993883737402342149e-01 2.455100749221897249e+00
-1.780052288847654429e-01 -3.172324227812497455e-01 3.795954994882814182e-01 -4.092255987402343420e-01 2.912066439516433292e+00
1.023127653652345925e-01 6.112241135937506176e-01 1.549404618476565298e-01 -7.948247239550780829e-01 2.541676059768039675e+00
-2.177454323378904544e-01 -5.869776862187499056e-01 8.303803343164065653e-01 -8.816468667871093512e-01 2.927856500688419406e+00
5.573553766210959104e-02 5.328536790312503602e-01 5.518965732148440884e-01 -9.900045280761718969e-01 2.575521460061297230e+00
-4.411238340058592500e-01 2.107134508437504827e-01 5.435396024492190614e-01 1.760871239550781953e-01 2.572925589659376566e+00
2.977621121289086847e-02 4.145209832187504162e-01 1.755870955039063874e-01 -6.411291290722656022e-01 2.220851802451720314e+00
-1.863378521894529793e-01 3.561316792812503351e-01 5.115864789335941021e-01 -6.073523685449218057e-01 2.930139533829738685e+00
8.196853423828365237e-03 5.472844955937505862e-01 -2.122746653242185699e-01 -3.738620105371092128e-01 2.223348381584463684e+00
-2.746850249199217497e-01 6.252109050312504301e-01 2.547325245195316556e-01 2.941924409667971974e-01 2.679595697600460902e+00
-6.028021758007795494e-02 -6.769030253124974639e-02 7.308340649023440383e-01 -8.335886571777343379e-01 1.895450095790445655e+00
-3.931578357519530109e-01 3.428109255312503656e-01 7.615582221289066700e-01 4.716904509863283357e-01 2.774496261319626900e+00
-2.815220491699217398e-01 -1.507230009062496823e-01 8.979734802148441331e-01 -4.294009791894529693e-01 2.133237690006422493e+00
1.565816453496094995e-01 9.158253493437507053e-01 -6.205372665507811192e-01 -5.162231220214841265e-01 2.455424478958084578e+00
-1.698862625878905241e-01 1.201323253437502903e-01 6.143280606992190807e-01 -6.010050578417968081e-01 1.872056388259846660e+00
1.524153336972657868e-01 9.657781759062507021e-01 -3.730234559335936506e-01 -5.316380194433593109e-01 2.919082525263407391e+00
-2.048191833652342475e-01 8.796373016562506475e-01 1.920552437773438426e-01 -1.469456529003905221e-01 2.886232996904835257e+00
5.052011425782376719e-04 6.127782015312506214e-01 3.813160522929691654e-01 -7.639949291113280472e-01 2.567825713844663404e+00
-3.400040561914041692e-02 9.022825830312506401e-01 -9.717758319648437393e-01 -2.550766245214842742e-01 2.038665039337173468e+00
-2.098401230488279867e-01 -2.972512921562497912e-01 7.055173593476565808e-01 -4.398287039160154732e-01 1.961004176873548444e+00
-9.724287993164043575e-02 6.864863722812506452e-01 -3.056761032929685706e-01 -7.440495915039035957e-02 2.216307922958138388e+00
-1.885812507714842434e-01 2.977423753437502540e-01 7.035510132851566789e-01 -2.421553134472654856e-01 2.605538584777649991e+00
-2.732962543691405122e-01 2.338027573437502227e-01 3.296994681523440773e-01 1.074001545605473007e-01 2.283708184209805481e+00
-2.618656044511717407e-01 -2.004538149062496943e-01 9.311555700195316421e-01 -2.156326222949217497e-01 2.173199650913415493e+00
-7.384743757617173721e-02 -1.174313678124971894e-02 -1.178900543242185073e-01 -6.900940973535155676e-01 2.926689961789115113e+00
-4.529817979394529792e-01 3.543555787812504576e-01 8.780642263320316276e-01 3.687733417285156134e-01 2.542415165569415603e+00
-1.348465133066404920e-01 -8.966954621874978493e-02 3.842655713867190181e-01 -3.620741478027342808e-01 2.572439449142795542e+00
-9.254242575976545648e-02 4.198390334375023958e-02 1.800113741445316107e-01 -5.697218836621091853e-01 1.874973409295154658e+00
-5.568659191210922899e-02 8.882957915937506055e-01 -8.685426636835937853e-01 -4.611375327050780681e-01 2.703068806718449846e+00
-1.281163175605466442e-01 4.227354480312506269e-01 5.072412053515662489e-02 -2.949740060839841638e-01 1.748412808609058677e+00
-1.252787633398422251e-02 -2.885928022187498332e-01 5.125696519648440530e-01 -7.989051379785155893e-01 2.853217149033054678e+00
4.419805924023456623e-02 9.258159146562505715e-01 -4.592968894257810630e-01 -6.325149216894530024e-01 2.240646899962751348e+00
-1.498025038535154563e-01 -3.549745584062498072e-01 5.152733778007815291e-01 -8.852739014746093815e-01 2.874097756733065001e+00
-2.207366304472654917e-01 2.497876618437504526e-01 7.246892334570315120e-01 -3.169629038769530283e-01 2.077627022222763298e+00
-1.098486433925779937e-01 -4.422254954687498407e-01 2.360522369257814779e-01 -7.524337560449217976e-01 2.794673382063735723e+00
6.342718994335949656e-02 2.586681643437502842e-01 4.732427307148440176e-01 -8.512704512792967915e-01 2.695881398580239896e+00
2.611667506738284406e-01 7.379932867812506458e-01 -9.720216252226562270e-01 -9.526007328613280700e-01 2.217077747090448803e+00
-4.820859663867171907e-02 7.242285079062504849e-01 -4.814182826289060690e-01 -4.235070478222654478e-01 1.763776080718311823e+00
1.526289907050784045e-01 3.972040033437505002e-01 -4.757650376992186292e-01 -8.163602424121092493e-01 2.646445508890289400e+00
-1.017296770957029084e-01 -1.191972170312497470e-01 4.712763846523441158e-01 -7.748760331738280271e-01 1.842707900051147707e+00
-2.885727304277342364e-01 -2.344217369687499053e-01 4.447307128085941086e-01 -3.994779430175779966e-01 2.837804413956485305e+00
7.688758143554708102e-02 9.624479874687505987e-01 -2.599585573398436322e-01 -6.062189202050780601e-01 2.299245858268797349e+00
-3.706170214277342279e-01 1.541002474062502792e-01 5.054416474882815757e-01 -2.417019341113280095e-01 2.913879919143044894e+00
2.390064349804710275e-02 2.466692346875032360e-02 1.072565698320316896e-01 -6.456629224316405846e-01 2.799950355763240584e+00
3.052401074023458616e-02 8.989523945937505367e-01 -9.294993916210937401e-01 -7.474465833496093392e-01 2.909384959129182047e+00
-2.510759255566404891e-01 -9.721797334374970845e-02 7.239518536835941598e-01 -3.217233869042966932e-01 1.827545696808554831e+00
-7.224501001757793750e-02 3.421448878437503005e-01 9.840801255078124310e-02 -8.036656210058593652e-01 2.617508360230901054e+00
-4.565071385683592831e-01 -2.948091539687497376e-01 6.600456066523440191e-01 1.332427767089844339e-01 2.737550928806703698e+00
-5.237490829101543177e-02 1.840719433437502106e-01 1.251994776523438491e-01 -7.080025811230468147e-01 1.880765718147982879e+00
-6.177581663476544582e-02 2.524518125937504909e-01 6.597998133945316424e-01 -4.341614622167967452e-01 2.984820931106006547e+00
-2.989350953066404748e-01 1.799629531250235281e-03 7.910534130664067520e-01 -2.639175215722655565e-01 2.145542952808255244e+00
-8.495760198242163774e-02 -2.006758274687497901e-01 1.483040438867190280e-01 -8.675921073730468169e-01 2.894829249366935642e+00
2.127734384042969662e-01 8.074832188437506275e-01 -6.932920708632812623e-01 -8.029855520019530957e-01 2.238366307168538238e+00
-1.868719947089842459e-01 1.312329534687503019e-01 2.049154982421896865e-02 -3.090287654980466980e-01 2.351583935723366103e+00
-2.862225033417967190e-01 -8.634960906249711243e-03 -5.791649941796850332e-02 -1.630406193261716430e-01 2.932537601424793916e+00
-1.105964429199216559e-01 1.927304332812503906e-01 -2.228437754101560975e-01 -4.123992540917968963e-01 2.795320901310170747e+00
1.102180746542971157e-01 8.290184374062505857e-01 -3.710571098710936377e-01 -7.805432748730467551e-01 2.178185693074893958e+00
-3.909144371699217468e-01 3.785549480937504541e-01 8.244812961289066378e-01 3.286492704980471524e-01 2.670790818375925468e+00
-1.195700372480466567e-01 -1.109827522187498694e-01 6.892950043320317244e-01 -6.742258205957030182e-01 1.949403042085206428e+00
-3.303894908398430363e-02 5.173127996562505437e-01 -2.039176945585936540e-01 -7.728358261621093295e-01 2.633284019411411325e+00
-1.879402797480467235e-01 5.952289578125036229e-02 7.357499300585942370e-01 -6.096192652246092969e-01 1.942359314285907690e+00
-1.988367871464842285e-01 -1.866890360312497554e-01 6.317793820039067088e-01 -2.861331090332029925e-01 2.564170538588994575e+00
-2.093059805292967201e-01 2.877518100312503879e-01 -2.422614427773435164e-01 -1.678011023535154189e-01 2.327282583825404316e+00
-2.574856357910154658e-01 -1.329722471874972278e-02 3.904104028320315445e-01 -2.047515182324217697e-01 2.033188477896944235e+00
-1.420040230683592419e-01 9.717725150937503997e-01 -5.519609476210937116e-01 1.992094700878909164e-01 2.523148654507529898e+00
1.138502437871095063e-01 2.426832598437504984e-01 -5.293479679023436191e-01 -8.041190003417968413e-01 2.338358691234892373e+00
-2.573788072871092680e-01 8.967322689687506898e-01 -2.031803147851560798e-01 4.973063834667971195e-01 2.997921457646689269e+00
-6.476701474414037207e-02 5.752580784687504334e-01 1.982000752226565909e-01 -6.239007143066405137e-01 2.148285286973129704e+00
-4.284112420410154942e-01 -5.976342892187498368e-01 8.505353814570316695e-01 -1.687078610253904820e-01 2.720410851944601749e+00
-1.154037255957029440e-01 7.313329099062504390e-01 -4.007980940664062075e-01 -1.712014473730467667e-01 1.892855752509596146e+00
-1.315348296855466392e-01 4.644738097812501909e-01 -3.939158828476561069e-01 -4.182931854589843068e-01 2.540470548247270699e+00
1.025264223730469881e-01 7.331090104062505386e-01 -2.206316360898434858e-01 -9.365057664355468381e-01 2.049020645502961813e+00
2.067910421855471137e-01 9.691083643437508055e-01 -4.910042196835936457e-01 -7.426861003222655633e-01 2.681422649872801767e+00
-5.579942172792967670e-01 4.007562043437504773e-01 9.810516013554692050e-01 5.947829406933596852e-01 2.831021618568783094e+00
-1.993709296660154950e-01 2.324706819687503145e-01 7.460732468867191658e-01 -6.316081630175780504e-01 2.786360204297542609e+00
-2.588744063417967589e-01 1.774115664687503369e-01 9.756441496835942528e-01 -4.210134614746091630e-01 2.515880307474310573e+00
-4.083742986914051798e-02 7.850599500312505086e-01 -7.704711538164061846e-01 -5.862702294238280043e-01 2.703114872141534342e+00
3.436983688085948341e-02 5.812524176562503531e-01 5.543545057929689657e-01 -8.297349328222656251e-01 2.792085788261553070e+00
-1.321758007089841591e-01 3.574637546562504653e-01 3.945888882148439469e-01 -4.448158766113280427e-01 1.809695433170475543e+00
-4.239244448769530216e-01 1.030373580312503590e-01 8.018683164101564342e-01 -1.197428927441405166e-01 2.654970930600596635e+00
-2.634680320097654294e-01 8.596561710312506932e-01 -4.956742915820311346e-01 2.044233324511720573e-01 2.351905196759372707e+00
-2.043318562304674568e-02 7.222303948437507337e-01 -4.005523008085936087e-01 -3.759022175488280215e-01 1.887303418779432418e+00
-4.122801379511717434e-01 1.452197449062504475e-01 6.767595481835940729e-01 2.717501638378908568e-01 2.486133333619250596e+00
-2.306716813105467723e-01 6.074499000312503227e-01 -2.530763461210936427e-01 -1.904700691503905530e-01 2.679684971511095970e+00
1.075473620566408384e-01 -1.438406114687497128e-01 3.402685782382816049e-01 -9.843372863769530579e-01 2.903968678240068879e+00
-6.545480115234147966e-03 2.140436392812503641e-01 6.481334128906612868e-03 -5.484130548730468124e-01 2.180448243835011901e+00
-4.826801220253905123e-01 8.105811434375032043e-02 7.979356242851564085e-01 -9.345024443359162269e-03 2.811538709873632413e+00
4.152734664257828889e-02 5.614932995937504945e-01 7.284551373828140886e-02 -4.561503600097654987e-01 2.844114506392907860e+00
1.172219405273455806e-02 4.054184681562502668e-01 -1.021592858242185153e-01 -6.751325792675780813e-01 1.882690091947521793e+00
-1.397606244863279779e-01 8.432272414062507160e-01 -7.933299267929687648e-01 5.956863461914096991e-02 2.257144326020490865e+00
-2.902819864902342339e-01 8.532178067187505821e-01 -5.846514509101561341e-01 4.746374166699222075e-01 2.858006120769386982e+00
-3.607887990683592561e-01 -6.571336559687499523e-01 9.082967970429692839e-01 -3.688748378417967544e-01 2.977940200117992209e+00
-4.521271699082030082e-01 -1.911292872812497823e-01 7.925281726132816784e-01 -1.931936983398430119e-02 2.687970413847353246e+00
-1.608058397558592700e-01 -3.851682669062498898e-01 8.606129050273442216e-01 -6.474764397753904888e-01 2.164849678835402802e+00
-3.236124797089842686e-01 -1.171991039687497738e-01 8.050636287617191078e-01 4.026312792969610754e-04 2.260432130546757179e+00
-1.721296611699217327e-01 2.935241366562502119e-01 4.624278273710941134e-01 -1.972707591894529155e-01 2.253908733910654050e+00
-2.074898959628904693e-01 7.253385707187505194e-01 -3.125583145117186712e-01 1.670195372363284525e-01 2.210396182400769405e+00
-3.859403128710925390e-02 6.403077592812504992e-01 -7.431881021992187142e-01 -2.466891068066403570e-01 2.400248859547729818e+00
7.229395576757835506e-02 3.661222445937504233e-01 -2.835547100898435646e-01 -9.623483885839843044e-01 2.034842553660019870e+00
-3.591863715097655119e-01 3.130612421562506409e-01 8.871585768710944508e-01 -1.777754477441405578e-01 2.833077886769450160e+00
-9.510630985351548050e-02 -2.144406063437498400e-01 5.204350362148441045e-01 -9.816170103613280906e-01 2.321202221061132054e+00
-3.868549540214842319e-01 2.687679781250285060e-03 7.952318984492191545e-01 2.066902291308595485e-01 2.496435741178281376e+00
1.677986382597658199e-01 8.545498820937507123e-01 -5.895673160664062218e-01 -9.761764583300781561e-01 2.260761019869403476e+00
-2.540671236660154153e-01 6.549605884062503769e-01 4.737343172304692152e-01 4.483380620117205506e-02 2.880282487879926911e+00
-6.850601238085918254e-02 2.187059030937503756e-01 2.031159403789063456e-01 -4.745122231152343328e-01 1.628808169529572192e+00
-2.549217516972654418e-01 3.332643853437504688e-01 5.403442900976563879e-01 -2.480492448144528961e-01 2.199216795268371882e+00
-2.256975570117170093e-02 7.870580630937507038e-01 -7.630973560820312196e-01 -1.809491030957030011e-01 2.300763054466854474e+00
-3.209417671113279913e-01 3.197216190312504036e-01 9.144416284882815882e-01 -1.628139296582029605e-01 2.372108185933267777e+00
-3.622843981230467469e-01 4.034203550937502936e-01 8.370167522773442892e-01 -5.041273925779909959e-04 2.484340037319872962e+00
-1.688179775488279355e-01 2.495656492812501348e-01 8.788016061054692019e-01 -6.071256788769530122e-01 2.159063328824144534e+00
-4.010631450410154786e-01 1.059235213437502710e-01 6.231766179804690831e-01 1.824344346582033038e-01 2.640215889122700332e+00
-3.441235524589841832e-01 -1.935714254687498359e-01 4.798791486757817415e-01 -2.625573835644529064e-01 2.488763571538076036e+00
5.370579608789083359e-02 1.188002499687502711e-01 -1.321460632773435728e-01 -6.968947873925780412e-01 2.671472343851592601e+00
-3.435894099394529722e-01 -1.302978451562497586e-01 6.219476516914065334e-01 -3.885968389550780167e-01 2.486715438630502817e+00
-4.347141237714842177e-01 3.487950134375028544e-02 9.854758799960942062e-01 1.695131235839845152e-01 2.561960065921981222e+00
-4.406965199902342367e-01 2.227021292187505441e-01 6.035131573554691764e-01 3.236620978027345830e-01 2.979154055586787031e+00
1.517743626738282670e-01 3.330423727812505952e-01 -1.729477440742185346e-01 -7.819034128808592943e-01 2.713974028246302073e+00
-4.538364259707030057e-01 1.156920740937502634e-01 1.428965922148440759e-01 3.098340280566408422e-01 2.975401237764404794e+00
-6.583529978320296072e-02 1.998348352812503448e-01 2.161429830429691945e-01 -8.406160368847654940e-01 2.273526073575797390e+00
-7.758643521289049216e-02 -2.608412319062498597e-01 6.671736111289064963e-01 -9.777632860058593778e-01 1.712459008353177436e+00
-1.421108515722654397e-01 3.752247596562503507e-01 7.160864694335941083e-01 -5.649614006347655204e-01 2.319436472440004060e+00
-7.400108146484285498e-03 8.738649750312506015e-01 1.040612574804690160e-01 -5.116893286621093662e-01 2.654953174990551279e+00
-2.391111331191404510e-01 -3.014695308437497778e-01 8.569260061601565726e-01 -7.710223088183593143e-01 2.668474114411487186e+00
-1.476659337753905010e-01 7.328767465625030120e-02 3.474755877734392318e-02 -3.967576670019530294e-01 2.555896504270313674e+00
-3.186983685292967827e-01 -1.673739430937497552e-01 6.595540201367192656e-01 -4.493496699707029141e-01 2.340248481823453020e+00
6.161110537695335676e-02 4.940014805937504860e-01 -5.367217656367186951e-01 -5.901239537792968282e-01 2.015563424155485617e+00
1.176960699277346256e-01 7.195559928125028204e-02 -3.491815099257811195e-01 -8.304150018261717836e-01 2.950715098461932584e+00
-3.227578516777342976e-01 3.863253877812504733e-01 5.096991379296900160e-02 8.677139477539064227e-02 2.124263804551457913e+00
3.159229577929700827e-02 8.574360454062506243e-01 7.604082608984408242e-02 -7.696621708105467752e-01 2.728379781922587899e+00
3.639957845507824086e-02 9.704301884375032827e-02 6.951940425195316520e-01 -9.371858354394531077e-01 2.525195451477479924e+00
-1.291846025996092329e-01 6.960329124687505420e-01 3.818866438671897345e-02 -5.407056061621093868e-01 2.924761387011443503e+00
-1.822783690410154644e-01 8.798593142187505212e-01 1.050444305117189669e-01 -1.598669639746090887e-01 2.808713561824362159e+00
-1.354874843300780118e-01 9.400247186562507018e-01 -3.624543458476560120e-01 1.676996062402348331e-01 2.726628621219905124e+00
2.214457205078290691e-03 7.284467465937503050e-01 -9.437554005742188057e-01 -4.731520851074217937e-01 2.875495861328487557e+00
-2.441320728027341902e-01 8.041530304062505241e-01 1.923010370351564413e-01 -1.396915835253904614e-01 2.891500728548854759e+00
-1.465976487363280234e-01 9.713284899687506524e-01 -5.964495272851562113e-01 3.522249959667972385e-01 2.966777619139536082e+00
-3.699160372851539869e-02 3.019606140312502962e-01 4.093364836835940990e-01 -9.718693546386718563e-01 2.756410066666737713e+00
1.043425069394533500e-01 7.803976862187502750e-01 -6.264363047382812688e-01 -7.574209287402343671e-01 1.944593236819513571e+00
-2.705655286523411807e-02 -1.418527496874977256e-02 4.728301492578157461e-02 -8.848205221386717945e-01 2.326839112737820958e+00
-1.002340780410154730e-01 -6.122871183437499365e-01 6.932276964570317501e-01 -8.569376929785155195e-01 2.436462804431499318e+00
-2.652841165761717357e-01 3.408128124687506144e-01 -1.186274340976559705e-01 -2.117788979394529258e-01 2.858261860000415044e+00
3.533129341601581874e-02 4.575811690625031236e-02 -1.940859642460935897e-01 -8.723525904003905929e-01 2.137419506904043143e+00
-1.991572726582029884e-01 -3.578607217187498302e-01 7.296050986132817107e-01 -8.172670010839843124e-01 2.743990030293351090e+00
6.898227214648444683e-02 5.481725458437505250e-01 1.485498371445314048e-01 -5.960178851464843497e-01 2.890415595999787701e+00
-2.350516499707029361e-01 -2.277613600937498095e-01 3.552619669648441336e-01 -4.488962906347655490e-01 2.993255480946843239e+00
-3.841842414238280101e-01 2.646625035312504259e-01 1.581357741992189814e-01 3.252489254785159156e-01 2.592073549803681765e+00
3.714737798242195854e-02 8.774171760312505786e-01 -5.254152757773435933e-01 -7.517536870410155281e-01 2.700960925585217165e+00
3.907029105273451819e-02 3.510253903437503542e-01 1.620684663242190071e-01 -8.394825885449218594e-01 1.840682476377400567e+00
-3.028877499511717364e-01 4.398304153437504471e-01 -3.339423279414061030e-01 1.627124335449222636e-01 2.639028258257992476e+00
-3.913417511855467046e-01 1.600945865937505319e-01 7.858917546523441766e-01 3.828281011425785918e-01 2.977200461641225093e+00
-3.014989794003904433e-01 1.536562222812503098e-01 6.293214494257813874e-01 1.255353279980472303e-01 2.571472934369707808e+00
-1.858037096699217683e-01 4.138549455312503511e-01 -2.373455776210936508e-01 -2.206197949902343192e-01 2.001180098931032880e+00
-3.482898641113280069e-01 8.612102589687504750e-01 -5.192704443320311780e-01 6.038505274121096500e-01 2.917223518036614394e+00
-3.680531373339842593e-01 1.645348378437503367e-01 3.847571579023442156e-01 1.083035600585968705e-02 2.326750007016978206e+00
-1.379445399199217270e-01 -5.345827214687499662e-01 9.567180688320316984e-01 -6.653849235449218469e-01 2.508459920101406837e+00
1.076073751757822272e-02 -5.827594475312498634e-01 3.147060794257815486e-01 -9.798034930175780755e-01 2.969945225504355246e+00
-2.142200917089842616e-01 -5.883097615937499247e-01 8.677409095039066989e-01 -7.200171335253906513e-01 2.154502537316058230e+00
-7.149721049023421982e-02 7.333310229687504123e-01 -4.808476910546854999e-02 -2.781989706542966623e-01 2.196260831289471138e+00
-1.119852134707028934e-01 1.354511921562503440e-01 2.040991134101565185e-01 -5.912574021191405738e-01 2.186920692482817952e+00
-1.431791366113279729e-01 6.394197090312503384e-01 -5.201746123046846471e-02 -4.457226352832029947e-01 2.555553293972066875e+00
-4.431535755800780074e-01 4.467128047812505276e-01 -5.070948988281087644e-03 4.667032782910157662e-01 2.700485614743243001e+00
2.956255420507825082e-02 3.954279028437501786e-01 -3.435282649960935686e-01 -5.515867102246092557e-01 2.215708425651657265e+00
-1.631368935546717580e-03 -5.037332265624971939e-02 3.252751895117188541e-01 -7.098160984667967188e-01 2.406899395348545578e+00
-3.040628634941404673e-01 -6.964298795312499069e-01 7.645077412226567448e-01 -3.824762179199217016e-01 2.907561661744437309e+00
9.868059623242209089e-02 8.210259851562504707e-01 -2.498810337695310801e-01 -4.108124264160154526e-01 2.944683923076374832e+00
-1.630492383378904786e-01 6.833781964062504155e-01 -4.236568670429686767e-01 -1.344777211621092095e-01 1.881732606770222249e+00
-7.715912119726547891e-02 7.724052339687503821e-01 -2.012139687226560669e-01 -1.909268016601550766e-02 2.582627694171040655e+00
4.398440223242194858e-02 2.451253980312502190e-01 -3.577842739492185231e-01 -7.986784483105469068e-01 2.160476867470569662e+00
-1.337782282675780143e-01 1.951725714687503332e-01 -3.735150424492185151e-01 -1.988575868652342482e-01 2.987196035275903494e+00
-5.041526513105467622e-01 6.849322843437504194e-01 5.482096743476564393e-01 6.904459805761721247e-01 2.967980542283947809e+00
-2.317399663496092499e-01 -7.361701282187499418e-01 9.545059295117191978e-01 -8.671387280371093409e-01 2.645475306821638117e+00
-3.795306026367173402e-02 3.359285360937505072e-01 5.932688455859402854e-02 -9.197307310058593366e-01 2.720102326252933800e+00
4.761657136523456124e-02 2.628864030312503264e-01 3.638647309882813152e-01 -8.900343845019530464e-01 2.004909970652706708e+00
-1.984094731308592152e-01 7.200102692187504427e-01 -2.250559147304684871e-01 2.146243675097657677e-01 2.626326912895406984e+00
-1.256592619707029290e-01 9.025045955937505138e-01 -7.880892633203107067e-02 -3.350980773144530689e-01 2.560240047239129790e+00
-5.020160812324218069e-01 1.594285489062504668e-01 6.833959661445315747e-01 1.588587091894534398e-01 2.761286886770449645e+00
-1.433927936191404795e-01 -1.906852621562498129e-01 9.640918665664065523e-01 -6.511034744628905191e-01 1.795849060358115867e+00
-1.261934044902342511e-01 3.501373400937504154e-01 9.171453543242192863e-01 -6.626646475292967686e-01 2.521710538094141363e+00
-2.638953460253904981e-01 7.082436034062504771e-01 2.947968255429692652e-01 -3.314743958007804192e-02 2.601700543551751732e+00
-2.398589326464841687e-01 6.676153044687505034e-01 3.454302366523441803e-01 2.035132206054723891e-02 2.726542256604226555e+00
-2.897946593554678874e-02 2.449033854687503453e-01 3.569825197695316588e-01 -5.833232637402342435e-01 2.092116766534668937e+00
1.202599540214845941e-01 2.027209985937503678e-01 -4.428287411523436079e-01 -8.347221055175780835e-01 2.353177584215588425e+00
1.887370250253908033e-01 9.053907589062506478e-01 -8.370811266835938014e-01 -8.025321726660155086e-01 2.209454216384837189e+00
-1.701467349804675067e-02 4.247335610937503780e-01 1.497788034335941765e-01 -6.880538903417967589e-01 1.826680938751390260e+00
-8.762831458007797059e-02 -6.835634021874981148e-02 2.540741498046916735e-02 -4.942342242285155951e-01 2.708104309953227151e+00
6.449547498242202970e-02 2.699908050312502805e-01 4.629194138867190889e-01 -9.732294926464843954e-01 2.151623067991363047e+00
1.340408310253907720e-01 8.922920177187507740e-01 -6.075102238867187143e-01 -4.713385677636717785e-01 2.401697178328220605e+00
-5.664804844726545330e-02 7.204542943437504121e-01 -1.441899329101560268e-01 -5.105558803222656206e-01 2.121393920498955143e+00
-8.324834591992164023e-02 7.297788219687504352e-01 -9.090985512226562593e-01 -2.251535883496091905e-01 2.470813150127826319e+00
5.739797833984594533e-03 4.900052544687503175e-01 5.120780654492190775e-01 -9.734561823144530779e-01 2.738260327793232474e+00
-2.328082513886717275e-01 8.050410806562504629e-01 -2.253017079882810858e-01 -1.780021374121091293e-01 2.744090187497859823e+00
-9.536678224609240750e-03 -3.365475157187499122e-01 3.437096838476566552e-01 -8.310950708300781642e-01 2.481611612122372801e+00
-2.559900367363280305e-01 -2.051160787187497059e-01 7.340293772539064898e-01 -5.293711227636719308e-01 2.205666017666418011e+00
-2.856883608222654525e-01 3.294901717812506181e-01 6.310420022304691345e-01 -1.378780661816404463e-01 2.097454460682645294e+00
-2.480847274472654518e-01 -4.832978195312498393e-01 7.876123074570314797e-01 -5.193967773730467918e-01 2.240363651168574055e+00
-1.745867167597654479e-01 4.704681489687505547e-01 7.591002895507815706e-01 -5.205302257128905374e-01 2.710240482397660688e+00
-1.723433181777342393e-01 9.500152839687505679e-01 -5.445871498867186355e-01 -1.553331706152342173e-01 2.484136346088964498e+00
-3.693350793808591881e-01 7.486498897812505771e-01 4.661147262382815404e-01 1.910486420410159036e-01 2.872509468886520700e+00
-8.292786040820288029e-02 4.019755156250415240e-03 1.593647404882815311e-01 -6.554105781542968190e-01 2.084775262433758769e+00
-3.325860740371092694e-01 1.008172324062501790e-01 9.988277209765639153e-02 -5.309613036132787567e-02 2.605609262284559247e+00
-1.648653229042966739e-01 3.365945737812505723e-01 5.582871979179689914e-01 -3.681947688378904848e-01 2.135343341307915921e+00
7.165298474414083518e-02 3.552436290312503964e-01 -7.943130998242187157e-01 -7.535672043847655432e-01 2.948335088735786425e+00
-2.695572567324217572e-01 3.083989783437504073e-01 9.731862171054693755e-01 -2.634641422363280805e-01 2.489403857293009281e+00
-1.010887060722653885e-01 1.125838982187503667e-01 -2.970733392695310560e-01 -3.468859400488280009e-01 2.937314415708287108e+00
-1.459566777128905035e-01 7.906000128125034720e-02 5.487012608632816368e-01 -5.654147799707029964e-01 1.630723179084085261e+00
-5.750267647851547981e-02 7.127931031250200888e-03 7.131369503398442555e-01 -8.680454867089842930e-01 1.848980597322818165e+00
6.780715860351582691e-02 5.801423548437505406e-01 1.901679027734415328e-02 -8.603380379980468673e-01 2.056064584208221468e+00
-1.265138900019530110e-01 2.968543250937505373e-01 5.516507799570317117e-01 -3.697815965136717065e-01 2.158691054500702755e+00
-5.473113668886717686e-01 2.675486668437505600e-01 7.092042582148442298e-01 7.604930879785160025e-01 2.958783024853294030e+00
1.040220214277346455e-01 5.936851211562503838e-01 -6.166045744257812045e-01 -9.308385247363281101e-01 2.507573880040570025e+00
-2.347311644589841761e-01 -9.677394821874985009e-02 8.362793725039067150e-01 -4.720186367675780481e-01 1.743967063998565381e+00
-1.441405931464841972e-01 4.209593475312503053e-01 -1.677860856601560702e-01 -5.876337206054671469e-02 2.301526130894329114e+00
-9.211511174414044323e-02 5.657115382812505366e-01 -1.709813980117185217e-01 -5.159964323535155550e-01 1.878863706372009279e+00
-3.824749853613280126e-01 -2.168827445312496716e-01 6.701231302226565711e-01 -2.673178665917966823e-01 2.483582427243714363e+00
-3.292743904160155277e-01 3.472511767812505035e-01 3.439554771054690319e-01 2.284524372558595084e-01 2.350971209916782989e+00
-3.454054945058592230e-01 9.992918215625024025e-02 9.547517227695317965e-01 -9.526040860351558948e-02 2.257859423632958329e+00
-3.506869065820295006e-02 3.090650160312504724e-01 6.199813056289066315e-01 -5.989648508300779994e-01 2.561317830236530035e+00
-1.411493950371092154e-01 6.820461210312505074e-01 3.877066769960942905e-01 -4.389219452441406322e-01 2.632593877093425849e+00
2.870792617382833534e-02 5.495046212187504331e-01 -5.128008145703100151e-02 -9.385459734472656468e-01 2.504084636809002617e+00
-4.176215631464842426e-01 3.499153275312503197e-01 6.180149595664067297e-01 5.304030749902347575e-01 2.883073433610933822e+00
-1.816373980175779446e-01 5.124285232812504365e-01 -1.896616856054686995e-01 -1.585068259667967716e-01 1.646828570864284913e+00
-1.748003737675779545e-01 4.367222394687502174e-01 -1.837626474179686609e-01 7.951732540039080366e-02 2.921906562846786848e+00
-1.303597161425779638e-01 1.991687975937502797e-01 4.454680925820316828e-01 -1.632673089941405475e-01 2.961124591996256772e+00
-5.910510403710922400e-02 -2.259852595937498210e-01 6.391531797382817848e-01 -7.977716896386718437e-01 2.393172413216854366e+00
-1.758686588066404877e-01 5.701517895312504525e-01 -2.867500224414061272e-01 -1.725615853808591948e-01 1.820817316075340919e+00
-2.282146257207029461e-01 5.150926740312504748e-01 3.341237467929693006e-01 -3.589004924511717265e-01 2.848671069710369430e+00
-3.348294726191404780e-01 1.496599961562503633e-01 2.151598100117192436e-01 1.196413966308594867e-01 2.313041653575951262e+00
6.663204506054709597e-02 3.123952044687505758e-01 1.542030820742189556e-01 -8.403893472167968115e-01 1.964578246199718548e+00
-5.451747968105468134e-01 -1.700380938437497935e-01 8.704446353398441749e-01 3.884953428417970978e-01 2.970608197874564649e+00
-7.459523710351545489e-02 2.750970939687502614e-01 9.518022036757819437e-01 -5.996449198339842690e-01 2.776852133413699963e+00
-1.968538609570302800e-02 7.302228470937506266e-01 -7.031238011757812156e-01 -4.940075345605466905e-01 2.384572863255397746e+00
1.119273307167970577e-01 2.016109357812503333e-01 -1.326376497929686593e-01 -9.138367996386718151e-01 2.513454262280194751e+00
-1.573873276308592750e-01 7.794993846875020171e-02 2.461297604960940300e-01 -3.636609754785153914e-01 1.952880136027216551e+00
-1.071779307949216609e-01 4.666939354062504819e-01 -5.465534959492186484e-01 -1.494392392480468068e-01 2.769410992411581063e+00
-1.176471241777342636e-01 -6.880036534374966983e-02 2.426886548867189797e-01 -7.012018910839843411e-01 2.544706431701734051e+00
1.483558505488282719e-01 4.746863876562505968e-01 -8.424885783554687535e-01 -6.687852685644530837e-01 2.965751170067806530e+00
3.469032239257829886e-02 4.438266414687501715e-01 4.734885239726566164e-01 -6.944012010449218675e-01 2.806923074577197141e+00
-7.042892545117174219e-02 4.928914177812502295e-01 6.413653190585942854e-01 -5.402522268261717997e-01 2.719493108894805555e+00
-2.193478598964841986e-01 8.672045981562503947e-01 -5.345096263164061945e-01 1.463907774511720161e-01 2.013459093523708887e+00
-3.076950326269530245e-01 1.367832675312503632e-01 6.959314222929692262e-01 -9.798068461914044569e-02 2.134410753888365875e+00
1.027400793808596058e-01 -7.501671709374979624e-02 1.281489967460939239e-01 -9.958984594433594184e-01 2.805569908552259406e+00
-4.008494880332029719e-01 2.116015010937504215e-01 8.424242039492192413e-01 3.028066483496097971e-01 2.406069649196412641e+00
-1.703135766035154819e-01 3.547996039062502049e-01 9.675329721757818247e-01 -4.901538102050780887e-01 2.891022528571770334e+00
-8.575221689452905416e-03 3.468071516562503120e-01 -3.309138037890602124e-02 -8.424295542285156202e-01 2.138035017144010563e+00
-2.758601384628905362e-01 6.940347994062505688e-01 -6.013653924414061880e-01 3.551719616503911103e-01 2.952953853218898583e+00
-1.298255736230466417e-01 1.068115715937504318e-01 3.316658142148439792e-01 -6.547305091503905494e-01 2.229509555748019789e+00
1.392754277167971289e-01 6.516303999687504955e-01 1.458461113085941507e-01 -9.866041830566406601e-01 2.721295136978580054e+00
2.678501310351577569e-02 5.297455031562503525e-01 1.687048842851567310e-01 -6.084858168847655513e-01 2.313742725409992484e+00
-9.745653693945299789e-02 6.689473798437506336e-01 -4.737986916367186163e-01 -7.780530416992159637e-02 2.287910651656260619e+00
-2.301375387910155057e-01 -8.101105628124960489e-02 9.505732373867191720e-01 -1.154357890527342168e-01 2.818995234627088564e+00
-3.430552674199217611e-01 2.737650185937501313e-01 7.229686806523439868e-01 1.701931925878908958e-01 2.266816159733991309e+00
-1.271548610253904754e-01 4.056404807187505845e-01 4.498923712226564620e-01 -4.756456714550780784e-01 1.830377377512525605e+00
4.291611719335952646e-02 -9.033558390624985002e-02 1.706712303476564108e-01 -9.031823852441406286e-01 2.389504287848845721e+00
-1.439269361386716906e-01 -2.981393424062498410e-01 5.339536653945314848e-01 -9.428530771386718357e-01 2.924085957366647115e+00
2.795412533457032334e-01 7.597505179062504777e-01 -6.384801743710937227e-01 -8.975151435449217896e-01 2.725452463089350186e+00
5.829942175585955955e-02 7.957165530312506618e-01 -9.135228298632812605e-01 -4.874335341894530105e-01 2.462746190979100191e+00
-3.804452437871091997e-01 9.659899371875035889e-02 9.284518441835941660e-01 -4.788226799804662370e-02 2.371055727508750710e+00
-5.043663083183592688e-01 -1.462827496562497664e-01 9.225528059960942384e-01 3.635594793652344725e-01 2.840030113339098161e+00
6.802081561132833354e-02 8.485555429062505706e-01 -8.864855715039062778e-01 -4.708851884277343025e-01 2.173105964843418114e+00
-8.314151741601544243e-02 6.411958095312506600e-01 -1.695066384648434843e-01 -3.353247669824216404e-01 1.974408563101500036e+00
-3.007511798730467256e-01 6.742756813437504881e-01 -1.110078431054686288e-01 3.939325416992212059e-02 2.492200228275076146e+00
-5.129125886308592008e-01 -8.056703115624974654e-02 8.200570174882816366e-01 2.520281627246098166e-01 2.846034426213698953e+00
-4.455038026660154693e-01 3.332541340625028159e-02 8.660203566992191737e-01 -5.445626836914041480e-02 2.597153056446750430e+00
-1.842012821113279686e-01 4.180731842187503933e-01 5.767216922539065704e-01 -5.359451231347656108e-01 2.599416870091142862e+00
-3.988197464589842145e-01 3.705624958437503391e-01 -3.161662083203098383e-02 4.159247926660157857e-01 2.664949023008173601e+00
-1.239500059082029315e-01 -2.883810409374976125e-02 8.060468017929692808e-01 -9.349189387597656165e-01 2.702499023030150216e+00
-3.132969302148425061e-02 5.139826112187504403e-01 3.776291534257817384e-01 -5.570272622558593012e-01 2.470268454712564399e+00
3.116498176367210604e-02 3.248279079687503845e-01 1.385513186328146684e-02 -8.927546605175781247e-01 1.685660743932227534e+00
-2.881454164121091677e-01 2.011669106562502529e-01 4.196598005117190278e-01 -2.562100728613280198e-01 2.061291564574564639e+00
-5.675487695117176212e-02 -1.795948853124973432e-02 7.432027328515655729e-02 -6.424892670800780303e-01 1.885201212330840592e+00
-1.290777740957029240e-01 8.390090027187506738e-01 -2.616791101445310463e-01 -3.917704943066405709e-01 2.861040633257279087e+00
-1.263002329941404489e-01 5.763681412812506899e-01 -8.323320497265596085e-02 -5.091957423144530814e-01 2.389936688745218696e+00
1.090429611113282737e-01 5.719278900312505520e-01 -3.241105976289061497e-01 -7.059623741113281170e-01 1.938130707498072036e+00
-4.354619232988279909e-01 5.741480156562503989e-01 8.040804557304691569e-01 2.527082317285159752e-01 2.856024078190233517e+00
4.174100365039079552e-02 6.061178246562504146e-01 -7.232788483164063198e-01 -2.766121429785155517e-01 2.990925885702623965e+00
-4.027724011035155316e-01 8.516637187812505783e-01 -4.125961704414060627e-01 5.440044550683597047e-01 2.957366927156229064e+00
-8.100494733789048718e-02 5.619373247187502418e-01 5.430480159335940860e-01 -4.736054644433592697e-01 2.761370707531561663e+00
-4.183693626738279603e-01 -4.491078849062498657e-01 7.431237277929693130e-01 -2.398884167675779944e-01 2.708021511476245369e+00
-3.708306784355467345e-01 2.917480361562505564e-01 5.260882811445314333e-01 -6.556406209960918829e-02 2.290679325395871491e+00
-3.762789321347654869e-01 3.088430034687505987e-01 8.647913904101566240e-01 1.103471202441409504e-01 2.391354672338129372e+00
-4.380258073925780149e-01 1.743033905937505512e-01 8.185822579414067102e-01 3.057536140332034469e-01 2.535042492626430999e+00
1.361774011035159493e-01 5.279694026562506970e-01 7.972772495703173146e-02 -8.809667977832030816e-01 2.577968370105190310e+00
-1.637370247460923078e-02 8.188058595312504018e-01 -7.889056481523437636e-01 -6.567707161621092471e-01 2.719187778260424349e+00
-1.529005304667966914e-01 1.765235162187503981e-01 5.823749371835941213e-01 -2.636908319042966520e-01 2.114362213655960332e+00
-4.194376477128904934e-01 5.652675131562503452e-01 6.536549819492191160e-01 4.240856207128907984e-01 2.843386854056689561e+00
-4.476403727441404801e-01 -3.998210960312498230e-01 8.340672331835939923e-01 3.123242612304710786e-02 2.729735842832732295e+00
3.603227755859528258e-03 1.911660940625026228e-02 6.252219691015648007e-02 -7.250043062207029987e-01 2.260504201094880816e+00
-2.298170532792967458e-01 6.478561864062504227e-01 -5.619594661328108920e-02 -2.500894518261718158e-01 2.581294150096901774e+00
-2.118098515039046337e-02 1.714172272812503062e-01 -1.267386116054686207e-01 -6.078057478808592817e-01 1.843717335928417134e+00
-1.385855109433592469e-01 4.933354429062504209e-01 -3.383666065820311042e-01 -2.036180698925780241e-01 1.841513149666988536e+00
-3.789496447324217643e-01 3.314882848437503693e-01 2.766081244648442850e-01 2.363865756347657276e-01 2.497076012116933086e+00
-2.319536233574217010e-01 7.790656108437505889e-01 -1.827794743867185989e-01 -1.170226167285154384e-01 2.246282135018502490e+00
-3.244671077402342396e-01 9.726503140625020194e-02 9.223070127382816397e-01 -2.312742093847655056e-01 2.192295655991911119e+00
-1.875129657324217658e-01 -2.865946891562497489e-01 8.790473993632815786e-01 -7.018819600878904996e-01 1.884058064986100067e+00
-2.607973194121092630e-01 7.417572490625035098e-02 5.034753014257814518e-01 -5.502265722167967166e-01 2.895986794275644538e+00
-2.287487682402342126e-01 5.921310332187506020e-01 3.081486665234389744e-02 -6.647082077148436241e-02 2.063298318700048206e+00
-2.372950485527342002e-01 -5.292544199687498896e-01 9.296808104726569377e-01 -5.826431947363279740e-01 2.105633987446567712e+00
1.546119168945325750e-02 8.496656057187506050e-01 -7.594104572148436816e-01 -5.082889836425780183e-01 2.104941656604018885e+00
-3.105794022324217529e-01 7.675209575937504969e-01 -3.199321122460935252e-01 4.592225192480471341e-01 2.915793070724781000e+00
-1.518322454277342137e-01 6.451920356562503844e-01 4.144981420976566744e-01 -3.380450429980467186e-01 2.669940981321736739e+00
-9.414485331835920068e-02 9.502372965312506636e-01 -8.437175446445311922e-01 2.556518442382837986e-02 2.245100655222675989e+00
-2.039645553339842765e-01 -5.776531585937498825e-01 8.729025679179692743e-01 -9.578145952246093220e-01 2.851264555453555616e+00
-1.722833050585925729e-02 7.506377515625028973e-02 8.660993617578160997e-02 -7.302181685839843617e-01 1.902208635134523318e+00
-4.709289865957030363e-01 5.570530483437503566e-01 -5.275484100390603892e-02 5.476314897558597350e-01 2.970100944917928310e+00
1.414119977949220841e-01 4.018662671562505118e-01 -7.724374998789061975e-01 -9.657487336035156522e-01 2.736933175254117945e+00
2.261870145117206299e-02 3.421346365625022035e-02 3.663226635664066366e-01 -8.095595523730468868e-01 2.207383682795216018e+00
1.960013632910158066e-01 6.269870055312505297e-01 -6.603557743164061300e-01 -9.580412848925781155e-01 2.011890883917034412e+00
-2.984009527871092082e-01 3.734486591562504731e-01 2.468671402695316042e-01 -5.649647538085922349e-02 2.044568527967317362e+00
-1.338250436523413800e-02 7.726272465312504778e-01 -4.713407590585937390e-01 -5.545336759082031275e-01 1.791755162717176830e+00
-2.284282827285155082e-01 6.036756864687504720e-01 -3.322217751367185778e-01 -1.231432377636716424e-01 2.606141109035669867e+00
-1.964865600605467111e-01 3.770008601562504502e-01 -7.905471958984355840e-02 -1.220097894238278968e-01 1.732567123355400307e+00
-2.712665127949217547e-01 6.376436085312506830e-01 -1.274759913789060839e-01 3.145911579101567934e-02 2.094974240624429829e+00
1.016717943417970726e-01 7.994805153125028596e-02 -2.613016410156099312e-03 -9.609882505761718763e-01 2.530944705346978907e+00
-6.839918387695298474e-02 -4.475537969687498618e-01 1.856646190742189395e-01 -7.979983793066405262e-01 2.850425056316140626e+00
4.697560034179704136e-02 1.758574785312504440e-01 -6.782986821367187336e-01 -6.388622323925781110e-01 2.985105764183508814e+00
-9.937945000976539101e-02 -5.059533521874970408e-02 9.279602576679691905e-01 -5.282376744238279631e-01 2.850008718989935907e+00
-1.669418798632793521e-02 1.827398679687504135e-01 5.588577894921897826e-02 -8.780198320996093209e-01 2.107561535358837723e+00
-3.027809214472654831e-01 5.479505332812506513e-01 5.270714541757816063e-01 6.682270399414080853e-02 2.592519408653429114e+00
-3.440167239550779854e-01 6.014555608437504031e-01 4.774212160976566421e-01 3.547185823144533012e-01 2.819169840447301123e+00
-2.583402638222654368e-01 -2.954751916562497471e-01 5.477180878320316859e-01 -3.244436629199217714e-01 2.475333369548939455e+00
-3.720057919785154654e-01 -8.567332009374972746e-02 6.497222898242190903e-01 1.187346379589845347e-01 2.440682297335541762e+00
3.672006396679705631e-02 2.082713126562502071e-01 -2.901911280507811774e-01 -5.404789164941404822e-01 2.742164644454171185e+00
-1.765564452148427055e-02 -1.116487899062497124e-01 1.372433472851567471e-01 -8.190805184277343276e-01 1.953634404038911088e+00
-2.875044453886717588e-01 2.668826291562504949e-01 3.292078816367188798e-01 3.168580545898469492e-02 2.100867270521751706e+00
-3.524561757636717196e-01 -1.449506742812497473e-01 5.450143619960939878e-01 -3.228568352441404388e-01 2.595782714311627437e+00
-1.525800449550779869e-01 7.568643545937503436e-01 -4.390628372265603652e-02 -2.133657256152342585e-01 2.333178713857483988e+00
5.456042411914074908e-02 7.750693847187506424e-01 -2.756893258398436242e-01 -8.267879671386717533e-01 2.230140640434581378e+00
-2.649636310644529757e-01 3.732163953125022804e-02 8.276766084804690893e-01 -1.823092411035154292e-01 2.210455898546218378e+00
-2.694972436132803129e-02 6.480781989687505185e-01 -5.421292173085936472e-01 -4.826730511621092345e-01 2.206739746413297176e+00
-5.184076577148422071e-02 -3.594250609374982641e-02 1.701796438320314353e-01 -4.443624972753905666e-01 2.983457250403358074e+00
2.516590138261720622e-01 7.664108947812506845e-01 -8.127475941601562948e-01 -7.252309958886717922e-01 2.774381387417419020e+00
-7.213818151367173970e-02 -1.982336892812498474e-01 8.972361004414067809e-01 -8.957016262011718855e-01 2.026787020104811265e+00
-2.000119006894530149e-01 3.443650134687505915e-01 4.272793915039067025e-01 2.873883977539060108e-02 2.932710969852310612e+00
-1.217066073261717785e-01 1.336750916562503555e-01 9.540143429960942223e-01 -6.202736796191405944e-01 2.154037061305438705e+00
1.054107919785158831e-01 1.114738354062502212e-01 -1.908116468359355444e-02 -9.009154885644531374e-01 2.805890440511208617e+00
-3.253217357714842661e-01 -4.260288296874970015e-02 5.408358766132815854e-01 -2.403417961035154704e-01 2.253085218745893403e+00
-2.257575701308592309e-01 9.604498744062506255e-01 -1.358329621445311108e-01 -5.762992372070296909e-02 2.756546879203364497e+00
-1.771506008535154719e-01 2.702128175937501542e-01 7.328004109648443842e-01 -5.112359493261717791e-01 2.061410473337939031e+00
-1.954182750214842335e-01 8.745310127187506666e-01 -4.917415994570311644e-01 -2.092853115917967521e-01 2.917307664757053498e+00
-9.061951268945300786e-02 1.267824509375026221e-02 -6.135760502734355359e-02 -5.590674692675781099e-01 2.566088896486855120e+00
-1.829193400644529843e-01 -2.100003550937498131e-01 9.734320103632815302e-01 -7.193370645214842707e-01 1.812207466009744472e+00
-7.630449316601545240e-02 9.631140251562504417e-01 -2.973191325273436547e-01 -1.272236517871092598e-01 2.511783451913042864e+00
-3.035287209746092008e-01 7.606385681562506385e-01 -1.918738249257810891e-01 2.887518889355470408e-01 2.785246629479911196e+00
9.526208410742209587e-02 2.673266542812502422e-01 -1.058461846914060533e-01 -9.346922490917968229e-01 2.143266862735234035e+00
-3.137842573496092413e-01 4.711341866562506198e-01 3.997505466289065224e-01 2.656295428027345418e-01 2.404939203536715642e+00
-1.824920260488279156e-01 3.203876567187504687e-01 -5.562535503905952083e-03 -5.828698844042967675e-01 2.898597448248998010e+00
-7.566352214257793252e-02 2.424612472812501807e-01 1.205294057539064712e-01 -5.688151249902342332e-01 1.787715289704297827e+00
-7.720593658202989928e-03 4.658058851562503211e-01 -6.281568575429687940e-01 -4.198800131347655284e-01 2.532419227269779860e+00
-3.771335601660155135e-01 1.467738328437503403e-01 3.820534320664065175e-01 2.996329929980471318e-01 2.734405698931525297e+00
-9.564045237304669156e-02 -5.674405807187499207e-01 9.119836959101567109e-01 -8.855005911425780640e-01 2.348010353050779209e+00
-3.656428971289049645e-02 7.193442315312503776e-01 -5.782608262070311200e-01 -3.258038009277341995e-01 1.759963645676909438e+00
-4.649934057617166605e-02 4.844549404062503672e-01 -4.268521793945312393e-01 -5.107825699902341920e-01 2.507033925656496631e+00
-7.918886277148423636e-02 7.308888847812506917e-01 -2.621706966601561328e-01 -5.667749179785155356e-01 2.886902910326166527e+00
-2.846200757832029749e-01 1.483279207812503442e-01 2.099981515976564461e-01 -1.986308971972654547e-01 2.094812919665603346e+00
-1.796076564433591871e-01 5.019836815625022819e-02 8.552054533554690474e-01 -7.995852069824218589e-01 2.926209272429029173e+00
-1.667882359746092336e-01 5.461744327812503297e-01 6.135906809257815064e-01 -3.407653190136716859e-01 2.707448853838574809e+00
-8.720100056445301284e-02 4.043084053437504544e-01 6.547171600390655488e-02 -3.047216618066405092e-01 1.835900367253047616e+00
4.885169802734568023e-03 2.937461492187503076e-01 5.867992158242189005e-01 -6.556372678222655015e-01 2.877401619342655259e+00
2.176407341992203648e-02 7.477618395312504163e-01 -5.440955633710936601e-01 -4.060519433886717877e-01 1.891355883055130471e+00
1.782678316425783116e-01 9.078328970937505904e-01 -7.729290863945311729e-01 -5.699485733300779788e-01 2.262829724478642390e+00
8.778408883398447493e-02 1.876241443437501877e-01 -5.263984488085936553e-01 -8.657785900292969128e-01 2.490692985959447103e+00
-1.906109923457030009e-01 8.090373067812506314e-01 -2.275138473085936974e-01 -2.441955204589841832e-01 2.509920650489942506e+00
-8.869659961914044821e-02 5.819082040625034313e-02 1.979542819648442142e-01 -6.093925755566405034e-01 1.895397111870351425e+00
1.449373384238282769e-01 9.795429547812504190e-01 -5.138629926601561149e-01 -4.556969806738280226e-01 2.791413334729525353e+00
1.738410475976592817e-02 8.243561735937505741e-01 -7.389306117578109401e-02 -5.758425046972655004e-01 2.254895588786642424e+00
-2.909229575136717538e-01 2.533296115625027767e-02 9.300056087890651302e-02 -2.072451045800780545e-01 2.565083699567096254e+00
1.316906039394533101e-01 6.716115305937504498e-01 -9.022163400039062697e-01 -7.025620290917968802e-01 2.156201356400679447e+00
-3.413460113574217081e-01 6.476341738437505491e-01 5.533713327617192368e-01 2.504413350488282619e-01 2.935212338852530412e+00
-3.853593549667967411e-01 3.252719330937505759e-01 9.709740777851566529e-01 1.117072582519532675e-01 2.560029210456761462e+00
-2.504349545332029692e-01 -6.928776785312499298e-01 6.831501728867191980e-01 -4.944609138964842776e-01 2.884755632054972985e+00
-1.267275470097654066e-01 8.487775554687506663e-01 -4.487277793398435355e-01 -1.462655838964842525e-01 2.074119297106286730e+00
-3.273514773457030236e-01 -4.040393347187498652e-01 7.256724064882819070e-01 -3.706883551855467696e-01 2.648824618605520431e+00
-3.471147505683592760e-01 -2.668355710937498904e-01 8.559428331289066216e-01 -4.618176017089843377e-01 2.428472679310485827e+00
1.295540338613282438e-01 7.941624650937506580e-01 -3.597506200117185360e-01 -8.875407981542968727e-01 2.102890106255489222e+00
1.424802828339846172e-01 6.705014677812504154e-01 -1.367371301171860232e-02 -9.222243173535156213e-01 2.374923698444217912e+00
-1.047208752050779457e-01 -6.502615178124970807e-02 2.323653380585940509e-01 -6.538237504785155974e-01 2.203689091114569454e+00
-1.614468107792966789e-01 -9.166765928124964713e-02 6.480017370195315651e-01 -4.908338792089842473e-01 1.744332189142294931e+00
1.179097269355470212e-01 7.593064927812507303e-01 -9.319573241992187285e-01 -7.243242372167968401e-01 2.544916629493430449e+00
-1.087803583535155161e-01 2.133673503125022020e-02 4.759464565507817158e-01 -4.987680175878904665e-01 1.677758317421072176e+00
-1.898631928183591722e-01 6.862643597187505495e-01 -8.648557648164062472e-01 9.085180879882848171e-02 2.577596971840775186e+00
-4.858849771425780006e-01 2.355788578437505443e-01 2.272036796445314755e-01 3.918956878613283346e-01 2.939505936474668069e+00
-3.741423620566405317e-01 7.732932842187503208e-01 3.208509108710940749e-01 4.249923793847659725e-01 2.943349853648760117e+00
-3.600409995410155384e-01 1.749694282812502832e-01 9.655666261132817008e-01 1.513745969726587592e-02 2.282693144833439547e+00
-4.906322466992174558e-02 6.078939251562505142e-01 -8.495375777734359701e-02 -1.315307554785153377e-01 2.789322869006517713e+00
2.470653881582033362e-01 7.739593219062503859e-01 -6.588810147695312036e-01 -9.546409398730468787e-01 2.366994736341407890e+00
1.171619274082033035e-01 7.368832239687503893e-01 -1.606580811835935929e-01 -5.427458131738279734e-01 2.962660075782893365e+00
7.870366600195333184e-02 -8.855948340624986148e-02 3.051201423710941940e-01 -8.052524486816405869e-01 2.896418935723606758e+00
-2.430637877636717126e-01 8.043750429687503978e-01 -5.281190016132811804e-01 7.294332502929690154e-02 2.633878268448565318e+00
-5.825047600585919749e-02 1.771895539062504632e-01 -2.144868046445311816e-01 -6.728656825878904790e-01 2.921462955568873365e+00
-1.072847592988279697e-01 6.300951814062503153e-01 2.333485110898442239e-01 -5.957911954785155562e-01 2.604186520034450059e+00
-5.036185087910155511e-01 -3.711814754687497997e-01 6.907697638789064287e-01 8.813153278320318140e-02 2.903860256456921807e+00
1.286994058300783283e-01 7.910542892187504282e-01 -7.731748796523436607e-01 -9.106631442871093718e-01 2.567513516361606296e+00
-2.541739521699217241e-01 4.646958223437505087e-01 4.609530678242191870e-01 -1.927369658300779331e-01 2.278727042232812749e+00
-2.547080946894529907e-01 7.077995782812502856e-01 -2.343960585273435759e-01 2.216517472167970348e-01 2.423694902810191287e+00
7.859683749804702302e-02 8.951781810312506860e-01 -5.305769341914061688e-01 -8.616981760058592954e-01 2.596872840703654095e+00
-1.760823158144529943e-01 6.789379451562504997e-01 -5.416376307929686718e-01 -9.575067285154670316e-04 1.890231309209150945e+00
-1.394401389746092179e-01 2.040530739687501649e-01 2.013953875742190425e-01 -6.966680977246093587e-01 2.453038126505502348e+00
-6.011337595703047931e-03 7.759574349687505812e-01 -4.733071051210937519e-01 -5.522667792285155253e-01 1.813890252103676826e+00
-1.018365055996092172e-01 -2.723858851562497296e-01 6.821669998554692471e-01 -7.438195486621093089e-01 2.112153497877146346e+00
2.005481735742209448e-02 4.378323022812504739e-01 -3.708113166132811500e-01 -7.780496885253905814e-01 2.528907599093112246e+00
-1.474522767675779944e-01 8.385649775937504824e-01 -3.177199729257811356e-01 -2.650509699121091911e-01 2.086973244046247178e+00
4.772339986914075904e-02 7.608605807187505121e-01 -7.041069742070311666e-01 -4.357482898925780779e-01 1.929601661753447273e+00
-1.715955186503905217e-01 3.234958325937502543e-01 7.831880288164067005e-01 -4.364283588964843474e-01 2.355740838764762035e+00
-3.271378203378904614e-01 2.440153352187504066e-01 3.508376883242191324e-01 4.936424638672165521e-03 2.172796727705456288e+00
-3.585454004863279920e-01 -1.129911165624974956e-02 7.733562985039065252e-01 2.202916092089844957e-01 2.995154547137290457e+00
3.949760506835953144e-02 9.104970478437504067e-01 -5.372133521523436706e-01 -4.430023592675780275e-01 1.944517485793918032e+00
-1.583487841660154438e-01 -5.159336662187499201e-01 9.255023250898440912e-01 -7.945980342871092894e-01 1.862131857063088702e+00
-1.922134199042966896e-01 1.718612524062502755e-01 7.060089458632817783e-01 -5.919374711230468433e-01 2.256931408986510235e+00
-5.376968015371093035e-01 -1.960135636562498895e-01 6.681567841601568913e-01 3.578922376660159665e-01 2.961175173555289586e+00
-3.080155181386717289e-01 1.185782374062501754e-01 7.264097862617190371e-01 -2.509962104980466568e-01 2.140130855493006745e+00
5.221019703320328720e-02 -7.790288040624981925e-02 -1.825336811289061112e-01 -8.689522453808593561e-01 2.370645044422079906e+00
-4.479008451367172405e-02 5.754800910312503071e-01 -2.053924541054685804e-01 -3.969843566699217119e-01 1.829074538320110355e+00
-4.268088144824217500e-01 1.134719484687503055e-01 4.602156880507818348e-01 2.808177505566408216e-01 2.525503913967346303e+00
3.971126207617203807e-02 6.889285104687505878e-01 -3.007602381367187050e-01 -6.399956807324218566e-01 1.753722110099647180e+00
2.753281263085949337e-02 3.663442571562502970e-01 2.825071626523439905e-01 -9.482936291699218812e-01 1.840823849102059206e+00
1.154526713457032505e-01 9.655561633437508284e-01 -1.960523103085936025e-01 -9.208641793457030822e-01 2.646814659082850962e+00
-3.288470764003904590e-01 -1.123148275937496665e-01 9.006772060507818312e-01 7.248994569335975857e-02 2.708731353508495143e+00
-1.708477191230466929e-01 3.445870260312504652e-01 4.717679711679688692e-01 -2.942939370800780052e-01 2.087057929437655890e+00
-3.426279534042967478e-01 1.216864132812505161e-01 6.802006537929691232e-01 1.883283660253908254e-01 2.530156186000958485e+00
-3.044901775097654806e-01 -3.258909127187498700e-01 8.379999253085940181e-01 -1.816291720996091597e-01 2.259543386228659578e+00
8.639531828320323736e-02 4.882291539687504400e-01 -2.434904090664060661e-01 -5.937509884667968585e-01 2.230160816449172856e+00
-2.516100680761717001e-01 -3.289990885937498222e-01 6.954398357773440287e-01 -2.546232451855466872e-01 2.529547649598454129e+00
5.701747970898451978e-02 2.933021240937503382e-01 -1.926112046992185522e-01 -9.564544572167968939e-01 1.968043373150863307e+00
-1.055755032363279722e-01 8.876297539062505404e-01 -6.709248844023436575e-01 -2.294640452148433152e-02 2.029671077621497677e+00
-5.066097069003905329e-01 5.035480207812503828e-01 4.830744610273441930e-01 7.337437071582034731e-01 2.925811084960506570e+00
9.162991497460959422e-02 1.663109383437502142e-01 -6.736286102382811336e-01 -7.651283774511717928e-01 2.765168168300788931e+00
-3.521356902519530152e-01 4.749084002187504705e-01 -1.668029126289060082e-01 1.552316745019534094e-01 2.970738569657242589e+00
-3.502127771816404556e-01 3.088327521875022796e-02 8.112084602070316341e-01 1.500178121386720465e-01 2.480790931610597383e+00
-6.134850261914037706e-02 9.140492488437503837e-01 -8.422427850976561547e-01 -1.075016506738278865e-01 1.888038826147169003e+00
-4.102503963769530415e-01 -3.414317920937497419e-01 8.237439163554690635e-01 -3.482460780566405401e-01 2.703047054500674840e+00
-6.380555820898420327e-02 2.773172195937503304e-01 6.411195258007814646e-01 -7.737425848339842815e-01 2.011973741037709207e+00
-2.299238817832029436e-01 6.116681387187503649e-01 5.600077507226565166e-01 -1.537463429394529957e-01 2.775011884391402006e+00
1.124614732363282688e-01 9.402467312187505755e-01 -4.155456895351561375e-01 -9.818437000292968841e-01 2.910185253057113730e+00
-2.172112898183592433e-01 9.777668542812507635e-01 -6.350390687617186725e-01 7.180987668945337798e-02 2.511337058219957452e+00
-1.148695830761717884e-01 -4.526703371874973847e-02 8.525017275195317934e-01 -8.843671428027343184e-01 2.162483210796605881e+00
-9.350388229492168080e-02 7.235624702187504198e-01 -4.929705657460936030e-01 -1.392382041894529854e-01 1.839399923091100231e+00
-2.879317594042967166e-01 -1.631557044062497130e-01 9.803142215820318528e-01 -2.967875234277341789e-01 1.868594216226611149e+00
4.932582742773461426e-02 6.052297744062504758e-01 -2.560258652148436065e-01 -4.547902220019529596e-01 2.151219213585338075e+00
-1.297187451191404439e-01 -2.941431162812497835e-01 5.750011394492190453e-01 -6.912275456933592022e-01 1.716490334024549425e+00
-1.927475624238279561e-01 -2.774921740937498216e-01 7.121537773085940826e-01 -3.906370459667968253e-01 2.435705432251911606e+00
7.496466836523463240e-02 7.701851083437505352e-01 -1.626244272460936058e-01 -8.385758298730467963e-01 2.235925367454497881e+00
-4.755226122636717623e-01 -1.791406089062497209e-01 8.443905500117189211e-01 2.914721649511721191e-01 2.757741912062947165e+00
-8.089811883398423387e-02 5.039920459062505742e-01 -1.451731059414061997e-01 -4.844865685058592497e-01 1.775968009833679195e+00
-1.320689722050779613e-01 9.568976734062506484e-01 -5.020649162851561487e-01 6.432911764648452380e-02 2.401154576733811385e+00
-1.026911336308591882e-01 2.002788604062503142e-01 3.129855266210942455e-01 -2.933871784082029421e-01 2.478391537168124881e+00
-3.269241633300780103e-01 3.814411114062505881e-01 5.425564294179691105e-01 -1.541997222753904717e-01 2.427098833654063537e+00
-1.773642578613279230e-01 1.534239584375018950e-02 1.502703899492189299e-01 -4.466293939550780578e-01 2.634517137915164842e+00
-1.404015955097654422e-01 2.873077849062504185e-01 7.893328602617192269e-01 -5.026217419433592903e-01 2.332839309919966908e+00
-1.432859651152341707e-01 4.817907896562505510e-01 -3.432034666796845990e-02 -7.191137280273418586e-02 2.310201562633234840e+00
-1.449952211777341682e-01 -4.981726612187498682e-01 5.747553461914066686e-01 -9.786700446777343299e-01 2.946527335922585866e+00
-7.523620812695297477e-02 7.091316536562504158e-01 -5.082097477304685640e-01 -3.987978740136717271e-01 1.905120869488735824e+00
-2.360131065058592159e-01 -1.851349480937497516e-01 6.339915213242189873e-01 -2.854530400292967229e-01 2.010401008911542053e+00
-3.464137664257793681e-02 -3.017017946874966938e-02 4.570203756992191613e-01 -8.072926556933592845e-01 2.161577401705308432e+00
-2.991487523144530369e-01 3.554553903125023950e-02 5.570582316289068858e-01 -4.631777397167966548e-01 2.801711170373788917e+00
-9.489265284570291836e-02 -1.027682874062498808e-01 4.894650857304690961e-01 -8.623782450097655650e-01 1.986010786079203339e+00
2.251187294726586519e-02 6.034536739062505983e-01 3.940973016992191935e-01 -5.361718128027341823e-01 2.993355616584385093e+00
-7.010843993945298225e-02 -5.621122792187498440e-01 5.742637596757816931e-01 -9.557743882128906243e-01 2.612929620353140248e+00
4.665511483007833693e-02 9.415788065937507056e-01 -4.841220084648436006e-01 -6.479298191113280758e-01 2.227675446007399529e+00
-4.363165513300780174e-01 -5.829814600937498481e-01 8.330840601523442635e-01 -1.857095861230467770e-01 2.773385992771962627e+00
-2.570583217753905081e-01 2.804253954687505601e-01 8.706904285976567737e-01 -1.662142746777341973e-01 2.418252077995810545e+00
2.828061215820332208e-02 7.058014652187505344e-01 1.807487539179689628e-01 -7.823567922167968813e-01 2.534679748688290157e+00
-2.571651502792967059e-01 2.904159607812504262e-01 1.519909427539064550e-01 -2.081518632519528955e-01 1.944670048792015660e+00
-2.198820024160155207e-01 1.987247724687504213e-01 4.710305913945315170e-01 -1.390115145214841919e-01 2.011119710304762886e+00
-8.420980245507792006e-02 -4.546581989687498160e-01 9.200948734179691391e-01 -6.465696811035155367e-01 2.939228228221156591e+00
-3.823681568574217593e-01 5.259712895937505017e-01 -1.203479869023436066e-01 4.583157605761721820e-01 2.546976878431629565e+00
8.190852111914082023e-02 -1.971236264687498130e-01 -1.682776721757810456e-01 -9.392260424511718053e-01 2.815253344219671217e+00
-1.904441507226550812e-02 4.365002269062503437e-01 3.196219445820315253e-01 -7.553807217285155584e-01 2.035953916485758519e+00
-1.063233027636717454e-01 1.596505614687503405e-01 9.510648239023443695e-01 -7.259110648925780618e-01 2.283993930065750799e+00
-1.609126682597654678e-01 6.085497115625027043e-02 7.337835839960941131e-01 -2.752520049707030125e-01 2.386900273743963297e+00
1.039343662109559752e-03 9.029486207187507052e-01 -7.699795673007812091e-01 -2.573435212011717654e-01 1.994421296022541590e+00
-1.671087214863279380e-01 4.709121740937505241e-01 1.797655808867192340e-01 -2.738918669628904734e-01 1.938536581283775151e+00
-2.759669669667966785e-01 -3.505445584374966561e-02 5.327246991054691572e-01 -1.671210333496091494e-01 2.093395880746649951e+00
-2.168908043066404279e-01 -7.812489296874969291e-02 6.489849100507815161e-01 -2.521296588378904024e-01 2.153955265816814624e+00
9.408697056445336493e-02 7.901662389687504895e-01 1.052902237695313437e-01 -8.984219022167968527e-01 2.686346507262738381e+00
-1.370899118886717005e-01 6.884742340625038537e-02 5.056874407460939524e-01 -5.327714677832030565e-01 1.635559399231065525e+00
-8.057763332226547393e-02 1.980587347812503562e-01 8.126832197539065605e-01 -5.819631257324218154e-01 2.464191646888436615e+00
-2.469096139042967208e-01 3.887572746875034291e-02 8.075215613398442072e-01 -2.113255186035154498e-01 2.255536222938808066e+00
-2.128781365429666117e-02 -2.646154454687498214e-01 6.718436830273440963e-01 -6.637980958691405142e-01 2.978274433982869951e+00
-3.180573975058592073e-01 4.329480259062503666e-01 7.549218041679691682e-01 5.163114306640737006e-03 2.571397893481306429e+00
1.118205022128908599e-01 4.196272721562501751e-01 1.465834910820315029e-01 -8.916212121777343791e-01 2.383662183708876281e+00
-4.998795111542967406e-01 9.371283040625033589e-02 9.323845363085941917e-01 4.336065867675785723e-01 2.752934536830514922e+00
-1.883075806445289047e-02 7.914983143437506197e-01 -6.012863873828111494e-02 -4.015181500292968053e-01 2.367572623612481664e+00
-2.653909450800779890e-01 4.731220484375020519e-02 1.106976754414065178e-01 -5.468295803710920833e-02 2.646799280984129865e+00
-3.319451030136717495e-01 8.128012690625041614e-02 1.180714731757813718e-01 -1.399182731933592549e-01 2.875874579077791537e+00
-4.961405135175780412e-01 3.976480284687504696e-01 8.724109814023442988e-01 6.040772170800782215e-01 2.735797613813288898e+00
7.581929639648454788e-02 -2.153286565937497787e-01 3.990921719140649859e-02 -9.460267324902343899e-01 2.553059947930381490e+00
-9.361071079882793411e-02 3.190555813437503385e-01 2.709548795351565120e-01 -4.119458747558591982e-01 1.831280838133493738e+00
1.034878789082033235e-01 5.639354377812504371e-01 -3.870336716289062284e-01 -8.721259007324217993e-01 1.748591302786958623e+00
-3.659165672558592486e-01 4.351681515312504356e-01 2.849650952304688678e-01 -3.224403408203069255e-03 2.471546774699745708e+00
-1.555712430644529687e-01 -4.719751788437498985e-01 2.235167807773438264e-01 -5.624678142871093467e-01 2.992017485782225261e+00
5.883356427539088163e-02 1.731933277812502947e-01 -3.327133616523436643e-01 -7.868905855761718637e-01 1.887961464622729846e+00
-2.262917126503904419e-01 1.629807499062504439e-01 5.002799890742190003e-01 -5.509066412207030972e-01 2.622579843781255526e+00
-1.834534825839842509e-01 8.538838444062506472e-01 -2.491436539960937280e-01 -1.303973071386715921e-01 2.227933792063396368e+00
-4.058704277167967112e-01 5.626033624062503069e-01 5.668899619414066171e-01 4.503816221972659628e-01 2.776446823423635912e+00
6.914911376953325473e-03 6.986970632187505803e-01 -4.170204490820311749e-01 -2.188062776464843040e-01 2.782452728246452178e+00
-2.200956594238279718e-01 -6.999820805312499949e-01 9.530311699648440493e-01 -8.530839686230469177e-01 2.488485380883219467e+00
-3.956148913417967261e-01 4.025323048437503548e-01 3.432180973320314576e-01 1.078535338964844437e-01 2.473460796257505923e+00
1.834556129492204146e-02 7.026932893437505268e-01 -7.456460347773437025e-01 -2.426086927832029616e-01 2.346936309655709429e+00
-8.442345946289053771e-02 -2.250972093437496602e-01 -3.751565901953102244e-02 -6.848802349902343156e-01 2.832352788915956765e+00
-1.357698808591711881e-04 4.042981540625034675e-02 -3.828551862460936039e-01 -7.284046512402343465e-01 2.705766078783603312e+00
-2.294965677675779858e-01 7.557542917812505312e-01 -3.268143234648436257e-01 2.184780918652345916e-01 2.355819727361400773e+00
-2.094128090332029735e-01 1.161360992187503438e-01 3.918851623789066929e-01 -4.828997408300781391e-01 1.911370174400273125e+00
6.684570206835949158e-02 -4.171483271874976140e-02 5.098659261289067990e-01 -9.618950092480468284e-01 2.517606225119938035e+00
-2.357994494980467648e-01 7.806196987812505927e-01 -6.559314956757812398e-01 1.350562940527347822e-01 2.603877623991951218e+00
8.660897529101585501e-02 6.114461261562504912e-01 -6.190625070039061928e-01 -9.077161786035156110e-01 2.716003965617814764e+00
7.261444127929705949e-02 6.973649878437506722e-01 2.141766369804688486e-01 -6.930410630371093283e-01 2.805528339171033725e+00
-2.438584026757784073e-02 5.730379528437505865e-01 -2.252227029296849370e-02 -2.922537300683593076e-01 2.288998113194234296e+00
-1.683906635332029778e-01 9.748704396875040867e-02 7.222313008789066346e-01 -3.167362142089842347e-01 2.088130177916793784e+00
-4.158522939648423566e-02 -8.411923215624972361e-02 1.119266417304690675e-01 -5.499998825488280341e-01 2.816626615960098778e+00
1.385876413085951331e-02 -7.479470453124970053e-02 5.093743396132816015e-01 -7.175235471777343665e-01 2.756218722335105564e+00
-1.311075156699216815e-01 5.224190885937505247e-01 3.966342393359412188e-02 1.309389951172246214e-03 2.859156271813179995e+00
-4.393077494394529992e-01 -6.480413921874972338e-02 6.715978897695317196e-01 2.824045782324221543e-01 2.700909764384812117e+00
3.853614853320330713e-02 7.537561787187505580e-01 4.211345600585939541e-01 -8.227075531152343579e-01 2.986388455426708610e+00
-1.108100999277342735e-01 -1.864670234687497707e-01 5.474722945742190872e-01 -4.794993958105466803e-01 2.688519844761350086e+00
-4.222620041992175555e-02 9.773228291562505721e-01 -6.780528888789061348e-01 -3.870100112792967950e-01 2.016549552261860168e+00
-3.629253691464842113e-01 5.486063196875035075e-02 4.919230183085941954e-01 1.924087800488284428e-01 2.540211869336925776e+00
-2.691299427167966885e-01 4.709019228125033152e-02 6.129323062109393039e-02 -2.249268986816405080e-01 2.556108107539433849e+00
-1.211724648066404564e-01 4.662499102812505125e-01 1.522367360117190538e-01 -5.982847818261718409e-01 2.535352525820527170e+00
-7.822740623632801205e-02 6.915926612187504041e-01 -8.493707895742187430e-01 -1.335709624902341464e-01 2.511265966682022288e+00
-7.106989647460926207e-02 -1.524991014062496708e-01 2.308905785117189025e-01 -6.767194069433593029e-01 1.831249493931958572e+00
-2.662923884960921583e-02 2.799813703437503687e-01 -2.850294696367187131e-01 -6.733190619238280661e-01 2.639569015905274707e+00
-1.702067480996092286e-01 4.014222420312505424e-01 8.461111028164066683e-01 -5.318647091113279934e-01 2.741964401798619555e+00
-1.543961295214841822e-01 2.352903125024674580e-05 7.350125502851566628e-01 -7.107228571386717819e-01 1.876916635915999665e+00
