-1.285854687499998761e-01 1.735097656250000897e-01 1.305985468750001655e-01 -3.928899218750001587e-01 2.259606225561464399e+00
3.138534062500001331e-01 -6.492381718749999919e-01 6.957576093750001966e-01 -9.955181093750000709e-01 2.866376937599182551e+00
3.311696875000003093e-02 7.113643906250003424e-01 -1.006934218749999665e-01 -5.301367343750000849e-01 2.948655693636300867e+00
-3.055746874999976104e-02 -5.020516093749999298e-01 9.497057343749999436e-01 -8.101794218750000276e-01 2.476845201616717507e+00
-7.169421874999992728e-02 3.633554843750000929e-01 1.141666093750000055e-01 -4.322882656250001121e-01 1.529312343385538231e+00
4.035665312500001933e-01 -9.179160156249999147e-01 7.779172968750001083e-01 -8.947101406250000943e-01 2.687275827693855312e+00
4.909028124999992304e-02 -1.575352656249998651e-01 6.245525468750001696e-01 -7.391514218750000476e-01 2.676532903218240556e+00
4.101309062500001490e-01 -9.902619531249999829e-01 9.609093281250000729e-01 -9.590792656250000103e-01 2.146315487192028471e+00
1.490875937500001358e-01 -6.427519843749999184e-01 7.540162968750001582e-01 -7.977865156250000256e-01 2.821641768817527485e+00
2.591502812500002806e-01 -9.478522656249999123e-01 9.213232968750002527e-01 -8.390345468750000091e-01 2.367974100378889002e+00
1.915372187500000711e-01 -8.203737343749999411e-01 8.516120468750001393e-01 -8.728838281249999831e-01 2.651356326106256933e+00
-4.740603124999975826e-02 2.842738906250000808e-01 1.993139218750001884e-01 -5.051659531250001223e-01 2.442796526907287546e+00
-1.594380312499998897e-01 6.080843281250002397e-01 5.814864062500002539e-02 -3.804970156250000457e-01 2.226818377340781474e+00
1.972263437500000327e-01 -8.717642968749999000e-01 9.290413281250002875e-01 -9.692525468750000650e-01 2.409300881015329132e+00
2.396759687500001901e-01 -5.838773593749999602e-01 9.987525781250001788e-01 -8.900859218750000190e-01 2.639110640884054781e+00
4.810261562500001142e-01 -9.458565156249999495e-01 7.754276093750001042e-01 -8.608608593750000093e-01 2.990183163143433465e+00
2.983478125000027514e-02 6.257966093750003678e-01 -1.828476562499992131e-02 -5.527029218750001416e-01 2.881849149609040150e+00
7.578540624999996478e-02 -6.113189218749999210e-01 9.193315468750000719e-01 -8.734387343750000809e-01 2.324381235458286898e+00
1.252370312500000749e-01 -2.373652656249999326e-01 6.706117656250001335e-01 -9.133919843750000211e-01 2.918054665696088179e+00
-1.885400937499999152e-01 4.464285781250000307e-01 9.972642187500002642e-02 -3.303704843750000508e-01 1.772429433128142273e+00
-8.460415624999972906e-02 9.517657812500013303e-02 4.607311093750001696e-01 -5.467839218750001340e-01 2.900056710910320579e+00
1.838787812500001229e-01 -7.689831718749999823e-01 8.859697343750001508e-01 -9.805356406250000934e-01 2.393932341964917221e+00
5.147232812500001087e-01 -9.700549843749999290e-01 7.811538906250001801e-01 -9.096926093750000719e-01 2.918852755710199087e+00
-1.257409062499998953e-01 7.363578124999992092e-03 3.058725468750000953e-01 -3.732832343750001058e-01 2.473656024152000921e+00
4.182269687500003164e-01 -8.348429218749999769e-01 9.895407343750000084e-01 -8.173932031250000785e-01 2.962685301393761961e+00
1.473671875000004405e-02 -2.141646718749999900e-01 4.816444843750002924e-01 -5.983902031250001308e-01 2.882303768602715532e+00
9.350921875000006711e-02 -7.435373593749998733e-01 9.355145156250002092e-01 -8.251618906250000052e-01 2.613651950154106451e+00
2.878147187500003090e-01 -9.021994843749999715e-01 9.566768593750001326e-01 -9.494608906250000535e-01 1.947034621458829218e+00
1.799401562500001495e-01 -6.639568281249998982e-01 8.740192343750001758e-01 -9.649982656250000179e-01 2.108668984462346518e+00
