-8.358749999999999236e-01 9.056250000000001243e-01 9.813749999999998863e-01 -8.023750000000000604e-01 2.175925672844197134e+00
-2.026250000000000551e-01 -3.493749999999999911e-01 9.586250000000000604e-01 -9.563749999999999751e-01 1.844866826700673146e+00
-3.008750000000000036e-01 9.251249999999999751e-01 8.721250000000000391e-01 -6.968750000000000222e-01 2.134472647040218440e+00
-2.391250000000000320e-01 9.066250000000000142e-01 6.408749999999998614e-01 -7.333749999999999991e-01 2.547184386377012721e+00
2.388750000000001705e-01 -2.758749999999999813e-01 9.796249999999999680e-01 -7.876250000000000195e-01 2.048634149043121688e+00
-6.236249999999999849e-01 8.923749999999999183e-01 7.838750000000000995e-01 -9.716249999999999609e-01 2.681973468095644186e+00
2.018750000000000266e-01 8.011249999999998650e-01 7.256249999999999645e-01 -9.798750000000000515e-01 2.368836027450260229e+00
1.883750000000001812e-01 -4.708749999999999325e-01 4.181249999999998579e-01 -5.131250000000000533e-01 2.998443878944039742e+00
-2.141249999999998987e-01 6.591249999999999609e-01 1.233750000000000124e-01 -4.166250000000000231e-01 2.437648626201263102e+00
-1.971249999999999947e-01 9.928750000000001741e-01 5.303750000000000409e-01 -6.096249999999999725e-01 2.194950907594975575e+00
-4.483749999999999680e-01 9.486250000000000515e-01 8.306249999999999467e-01 -6.798750000000000071e-01 2.200530681291779977e+00
3.512499999999985079e-02 9.958750000000000657e-01 -6.353750000000000231e-01 -8.951249999999999485e-01 2.927755570326795453e+00
-3.581250000000000266e-01 5.833750000000001990e-01 9.013750000000000373e-01 -6.841249999999999831e-01 2.624339008083119928e+00
-2.726249999999998952e-01 -5.568750000000000089e-01 9.593750000000000888e-01 -3.656249999999999778e-01 2.026489256006676953e+00
-3.643749999999998934e-01 -6.021250000000000213e-01 8.693750000000000089e-01 -4.753749999999999920e-01 2.777000923451347969e+00
-6.551249999999999574e-01 9.571250000000000036e-01 4.991250000000000409e-01 -1.901249999999999885e-01 1.993568969106170208e+00
-2.874999999999960920e-03 -5.393749999999999378e-01 5.651250000000000995e-01 -5.481249999999999734e-01 2.392336076634182351e+00
3.662499999999990763e-02 -7.013749999999999707e-01 7.591250000000000497e-01 -5.066249999999999920e-01 1.986159370856255268e+00
-6.018749999999999378e-01 7.661250000000001670e-01 8.886249999999999982e-01 -4.408749999999999059e-01 1.833201204944070239e+00
3.287499999999998757e-02 -7.862499999999994493e-02 7.191250000000000142e-01 -4.261249999999999760e-01 2.598621153818852392e+00
2.187500000000008882e-02 4.028749999999998721e-01 9.408750000000001279e-01 -4.443749999999999645e-01 2.883244677523054467e+00
1.191249999999999254e-01 -4.126250000000000195e-01 4.273750000000000604e-01 -5.871250000000000080e-01 2.339657680235066817e+00
-2.891250000000000764e-01 7.162500000000004974e-02 8.813750000000000195e-01 -6.396249999999999991e-01 2.323819866398217027e+00
-1.862499999999989164e-02 5.208750000000001990e-01 7.713749999999999218e-01 -7.498749999999999583e-01 2.626393106748141193e+00
5.028749999999999609e-01 -9.681250000000000133e-01 4.311250000000002025e-01 -9.698750000000000426e-01 2.817806716839511783e+00
1.962500000000000355e-02 8.441250000000000142e-01 7.856250000000000178e-01 -8.641250000000000320e-01 2.356519175681307310e+00
2.031250000000000000e-01 -1.216249999999999831e-01 7.391250000000000320e-01 -7.258750000000000480e-01 2.572617571459439922e+00
-1.946250000000000480e-01 2.887499999999998401e-02 6.076250000000000817e-01 -6.471249999999999503e-01 2.748527256918243289e+00
-6.111250000000000293e-01 9.226250000000000284e-01 -7.962500000000005684e-02 -5.373749999999999361e-01 2.810438873684141026e+00
9.237500000000009592e-02 -9.003750000000000364e-01 7.253750000000001030e-01 -4.831250000000000266e-01 2.760467520839303912e+00
-8.862499999999995381e-02 4.983750000000000124e-01 3.621250000000000302e-01 -4.641249999999998987e-01 2.317007050092560583e+00
-3.306249999999999467e-01 -1.808749999999998970e-01 7.598750000000000782e-01 -5.793749999999999734e-01 2.374697754999557375e+00
-3.431249999999999023e-01 4.461249999999998828e-01 6.063749999999998863e-01 -2.761249999999999538e-01 2.355633717998751209e+00
-2.321249999999999147e-01 5.237500000000006040e-02 4.653749999999998721e-01 -3.331249999999998934e-01 2.935636889031100871e+00
5.928750000000000409e-01 -5.711249999999999938e-01 8.903750000000001386e-01 -8.118750000000000133e-01 2.859798500134834054e+00
-7.587499999999991473e-02 8.533750000000002167e-01 5.026250000000000995e-01 -6.618749999999999911e-01 2.517718321610216581e+00
-5.638750000000000151e-01 -7.487500000000002487e-02 8.668750000000000622e-01 -8.716249999999999831e-01 2.985940736612611612e+00
-3.326249999999999485e-01 8.558750000000001634e-01 -1.783749999999999503e-01 -1.731249999999999734e-01 2.178508890585332924e+00
7.256249999999999645e-01 -8.748750000000000693e-01 9.876249999999999751e-01 -8.973750000000000338e-01 2.415066813821538982e+00
-4.318750000000000089e-01 9.103750000000001563e-01 3.068750000000000089e-01 -4.183749999999999414e-01 2.143247694091065192e+00
-2.723750000000000338e-01 -6.437500000000007105e-02 5.383750000000000480e-01 -6.243750000000000133e-01 2.746194774790699178e+00
3.836249999999998828e-01 -8.713750000000000107e-01 5.566249999999999254e-01 -7.406249999999999778e-01 2.570141683868910398e+00
-5.483750000000000568e-01 6.271249999999999325e-01 3.881250000000000533e-01 -4.178749999999999964e-01 2.810137416843507818e+00
-4.881249999999999201e-01 8.666249999999999787e-01 7.836250000000000160e-01 -5.816250000000000586e-01 2.230290814397095644e+00
-9.781250000000000222e-01 4.968750000000001776e-01 9.043749999999999289e-01 -7.388749999999999485e-01 2.656449150768478873e+00
-2.958749999999999991e-01 6.468750000000000888e-01 8.531249999999999112e-01 -5.768750000000000266e-01 2.303700940112471951e+00
-1.796249999999999236e-01 9.568750000000001421e-01 9.161250000000000782e-01 -8.006249999999999201e-01 2.093190900999007731e+00
-6.124999999999936051e-03 -7.573750000000000204e-01 6.381250000000000533e-01 -9.851250000000000284e-01 2.334949128326174073e+00
3.068750000000000089e-01 9.962500000000007461e-02 8.623750000000001137e-01 -9.908749999999999503e-01 2.360001598342848617e+00
-1.476249999999998952e-01 -6.001250000000000195e-01 6.908750000000001279e-01 -4.591250000000000053e-01 2.498620897109391947e+00
8.412500000000000533e-02 2.738749999999998685e-01 7.646250000000001101e-01 -9.026250000000000107e-01 2.687270590488501032e+00
2.208749999999999325e-01 -7.381250000000000311e-01 6.638749999999999929e-01 -7.116249999999999520e-01 1.881146413083014446e+00
-6.453750000000000320e-01 9.983750000000000124e-01 6.026250000000001883e-01 -9.291249999999999787e-01 2.673567469397654328e+00
3.741250000000000409e-01 -3.751249999999999307e-01 9.971250000000000391e-01 -4.441249999999999920e-01 2.974349748153912287e+00
3.031250000000000888e-01 -7.478749999999999565e-01 4.213750000000000551e-01 -7.751250000000000639e-01 2.670015532427193694e+00
-3.153749999999999609e-01 2.212499999999995026e-02 8.838750000000001883e-01 -3.216250000000000497e-01 2.398443818278416462e+00
7.112499999999988276e-02 -9.091249999999999609e-01 4.898750000000000604e-01 -5.858749999999999236e-01 2.830035059612560300e+00
-2.156249999999999556e-01 -6.116249999999999742e-01 9.691250000000000142e-01 -6.118749999999999467e-01 1.655720198291946499e+00
3.998750000000002025e-01 -9.773749999999999938e-01 2.558750000000000746e-01 -9.746249999999999636e-01 2.994396223982199512e+00
-1.286249999999999893e-01 -2.886249999999999094e-01 6.056249999999998579e-01 -6.991249999999999964e-01 2.317866028288963598e+00
7.062500000000015987e-02 -2.021249999999998881e-01 8.666249999999999787e-01 -6.426250000000000018e-01 1.672189847948689190e+00
-8.093749999999999556e-01 9.088750000000000995e-01 5.971250000000001279e-01 -6.971249999999999947e-01 2.596460725556416715e+00
1.983749999999999680e-01 2.581250000000001599e-01 5.793750000000001954e-01 -9.101249999999999618e-01 2.740735549715222596e+00
8.062499999999994671e-02 -5.763749999999999707e-01 7.566250000000001030e-01 -9.476250000000000506e-01 1.577487641316299039e+00
-2.388749999999999485e-01 3.346249999999999503e-01 4.658750000000000391e-01 -4.883750000000000036e-01 2.931352474888341053e+00
2.556249999999999911e-01 8.876249999999998863e-01 6.553750000000000409e-01 -9.861250000000000293e-01 2.279261758790819492e+00
-9.258750000000000036e-01 7.841249999999999609e-01 6.161250000000000338e-01 -5.878749999999999254e-01 2.670379668106641624e+00
1.487499999999997158e-02 -7.356249999999999734e-01 6.676250000000001350e-01 -8.328750000000000320e-01 2.175732224437552542e+00
-1.888749999999999041e-01 7.611250000000000515e-01 -1.386249999999999982e-01 -3.676249999999999796e-01 2.727649520431993047e+00
-4.836249999999999716e-01 7.138750000000000373e-01 4.238750000000000018e-01 -3.941250000000000586e-01 2.379832183756689368e+00
6.662500000000015632e-02 7.631250000000000533e-01 7.771250000000000657e-01 -5.493749999999999467e-01 2.892152624820592877e+00
1.348750000000000782e-01 -3.191249999999999920e-01 8.731249999999999289e-01 -9.153750000000000497e-01 1.477604117471997602e+00
-3.176250000000000462e-01 7.963750000000000551e-01 3.598750000000001670e-01 -2.338750000000000551e-01 2.815511074618736842e+00
-1.206249999999999822e-01 -7.861249999999999627e-01 8.021250000000001990e-01 -7.273749999999999938e-01 2.039872427571412850e+00
3.086250000000001492e-01 7.708750000000001990e-01 6.628750000000001030e-01 -9.093750000000000444e-01 2.695516172959476098e+00
1.601249999999998508e-01 -4.171249999999999680e-01 3.533749999999999947e-01 -5.773749999999999716e-01 2.878227622286087861e+00
9.624999999999994671e-03 -9.308750000000000080e-01 8.821250000000000480e-01 -7.963750000000000551e-01 1.567919766639079615e+00
-2.713749999999999218e-01 -3.808750000000000746e-01 9.243749999999999467e-01 -7.531250000000000444e-01 1.645492633495904133e+00
-6.558749999999999858e-01 -3.836249999999999938e-01 9.206250000000000266e-01 -8.231249999999999956e-01 2.890865253241668764e+00
-5.588750000000000107e-01 9.266250000000000320e-01 9.762499999999985079e-02 -3.031249999999999778e-01 2.262353072804033527e+00
-3.448750000000000426e-01 2.606250000000001066e-01 6.296249999999998792e-01 -3.891249999999999432e-01 2.357646104006327903e+00
2.331250000000000266e-01 -5.503750000000000586e-01 5.346250000000001279e-01 -7.658749999999999725e-01 2.361116273001289123e+00
3.283749999999998614e-01 6.858750000000000124e-01 9.166250000000000231e-01 -9.423749999999999627e-01 2.479905397144962720e+00
-1.076249999999999707e-01 9.241250000000000853e-01 1.061250000000000249e-01 -7.171250000000000124e-01 2.876235744287274798e+00
-7.487500000000002487e-02 -3.251249999999999973e-01 6.611250000000001847e-01 -7.236249999999999627e-01 1.920046177403728516e+00
-3.362500000000001599e-02 -1.843749999999999556e-01 8.298749999999999183e-01 -9.891250000000000320e-01 2.268335278825074131e+00
3.383750000000000924e-01 -1.373750000000000249e-01 9.613749999999998685e-01 -7.291250000000000231e-01 2.765589600815566484e+00
3.213750000000001883e-01 -6.348749999999999671e-01 8.826249999999999929e-01 -5.601249999999999840e-01 2.323665785239045434e+00
-3.006249999999999201e-01 -6.308749999999999636e-01 8.486250000000001847e-01 -3.458749999999999325e-01 2.734813577377136262e+00
1.712500000000005684e-02 -8.073749999999999538e-01 4.946250000000000924e-01 -9.506250000000000533e-01 2.910618766277112357e+00
-2.273749999999999938e-01 7.366250000000000853e-01 4.951250000000000373e-01 -3.466249999999999609e-01 2.639283376250558533e+00
-1.691249999999999698e-01 8.086250000000001492e-01 6.498750000000002025e-01 -5.101249999999999396e-01 2.092200941491528798e+00
-7.026250000000000551e-01 4.693749999999998757e-01 8.933750000000000302e-01 -5.661249999999999893e-01 2.562965503812004719e+00
-1.812499999999994671e-02 6.936249999999999361e-01 8.513749999999999929e-01 -6.571249999999999591e-01 2.069064701826429875e+00
-1.596249999999999059e-01 5.813749999999999751e-01 7.901250000000001883e-01 -3.856249999999999956e-01 2.842924185328324693e+00
-2.358750000000000568e-01 9.961250000000001492e-01 5.125000000000046185e-03 -2.588749999999999662e-01 2.689044633987734301e+00
8.662500000000017408e-02 1.962500000000000355e-02 8.008750000000000036e-01 -6.166249999999999787e-01 2.231679970121952294e+00
-4.528749999999999165e-01 1.791249999999999787e-01 8.971249999999999503e-01 -3.598749999999999449e-01 2.572008454886156148e+00
1.868750000000001243e-01 -1.958750000000000213e-01 1.948750000000001315e-01 -8.371250000000000080e-01 2.961515633775747780e+00
-7.666250000000000009e-01 9.306250000000000355e-01 6.518749999999999822e-01 4.787499999999988987e-02 2.523245590809683581e+00
-5.391249999999999654e-01 -9.448750000000000204e-01 9.181250000000000799e-01 -9.638750000000000373e-01 2.469942609377171028e+00
-1.281250000000000444e-01 -8.126249999999999307e-01 7.128749999999999254e-01 -5.031250000000000444e-01 2.443476576306994108e+00
-4.048749999999999849e-01 9.716249999999999609e-01 7.918750000000001066e-01 -6.321250000000000480e-01 2.102121763772544227e+00
6.631249999999999645e-01 -9.098749999999999893e-01 9.501249999999998863e-01 -9.006250000000000089e-01 2.327583072271438347e+00
4.488750000000001350e-01 -9.571250000000000036e-01 8.841250000000000497e-01 -4.761249999999999094e-01 2.883013967739818106e+00
-2.868749999999999911e-01 9.603749999999999787e-01 -2.961249999999999716e-01 -6.928750000000000187e-01 2.911224291113125417e+00
-5.193750000000000311e-01 8.103750000000000675e-01 4.701249999999999041e-01 -2.412499999999995204e-02 2.987392167912860330e+00
3.623750000000001137e-01 -3.848750000000000782e-01 9.198749999999999982e-01 -9.351249999999999840e-01 2.199713628850493485e+00
-1.978750000000000231e-01 9.836249999999999716e-01 3.488750000000000462e-01 -8.136250000000000426e-01 2.787993295792444925e+00
-1.886250000000000426e-01 8.623750000000001137e-01 4.333750000000000657e-01 -5.381249999999999645e-01 2.353852594908941942e+00
-3.441250000000000142e-01 9.538750000000000284e-01 7.081249999999998934e-01 -8.803750000000000187e-01 2.593688291784664646e+00
9.512499999999990408e-02 9.358750000000000124e-01 -1.148750000000000604e-01 -8.103750000000000675e-01 2.696856015347476987e+00
7.262499999999993960e-02 -3.671249999999999236e-01 5.821250000000000036e-01 -6.918750000000000178e-01 1.755632275724273050e+00
8.687500000000003553e-02 7.874999999999854339e-03 4.346250000000000391e-01 -5.951250000000000151e-01 2.815166610932160918e+00
1.176249999999998685e-01 -4.063749999999999307e-01 4.831250000000000266e-01 -9.713749999999999885e-01 2.232652578142805933e+00
-5.437500000000006217e-02 -4.276249999999999218e-01 4.998750000000000693e-01 -6.146249999999999769e-01 2.885486245208947587e+00
-2.931250000000000799e-01 5.518749999999998934e-01 3.433749999999999858e-01 -2.438750000000000639e-01 2.621093269628482325e+00
-1.231249999999999289e-01 7.533750000000001279e-01 5.491250000000000853e-01 -4.961249999999999272e-01 2.249043488194906182e+00
-1.411249999999999449e-01 7.278750000000000497e-01 2.798750000000000959e-01 -3.248750000000000249e-01 2.974893440638683106e+00
2.198750000000000426e-01 7.958750000000001101e-01 5.316250000000000142e-01 -8.771250000000000435e-01 2.501772576212907939e+00
-1.987499999999997602e-02 -8.912499999999989875e-02 4.291249999999999787e-01 -7.158750000000000391e-01 2.333260792148733387e+00
-6.501249999999999529e-01 6.698749999999999982e-01 9.828749999999999432e-01 -2.188749999999999307e-01 1.878244342714818549e+00
-1.696249999999999147e-01 2.881249999999999645e-01 7.278750000000000497e-01 -5.758750000000000258e-01 2.517555505382789161e+00
2.808749999999999858e-01 -3.706249999999999822e-01 7.221250000000001279e-01 -9.431249999999999911e-01 2.179704566456630577e+00
-1.126249999999999751e-01 -9.318750000000000089e-01 9.281250000000000888e-01 -7.063749999999999751e-01 1.662527416712344275e+00
1.826250000000000373e-01 1.253750000000000142e-01 7.728749999999999787e-01 -9.628750000000000364e-01 2.368789065518643433e+00
2.874999999999960920e-03 -2.833749999999999325e-01 6.663749999999999396e-01 -6.511249999999999538e-01 1.410876307996952406e+00
-4.624999999999990230e-03 5.063750000000000195e-01 9.993750000000001243e-01 -8.823750000000000204e-01 2.339708762929272545e+00
-4.187499999999988454e-02 -8.738749999999999574e-01 9.378750000000000142e-01 -7.383750000000000036e-01 1.469206958308504563e+00
9.837499999999987921e-02 5.383750000000000480e-01 9.306250000000000355e-01 -5.473749999999999449e-01 2.822134062196059112e+00
1.866250000000000409e-01 -5.191250000000000586e-01 8.311250000000001137e-01 -9.673749999999999849e-01 1.487045374206154458e+00
-1.983749999999999680e-01 4.393750000000000711e-01 9.151250000000001883e-01 -8.243749999999999689e-01 2.786692722006918643e+00
-6.531249999999999556e-01 -5.258749999999999813e-01 9.626250000000000639e-01 -7.678749999999999742e-01 2.925950319660134191e+00
-1.368749999999999689e-01 -2.008749999999999147e-01 8.453750000000002096e-01 -9.293749999999999512e-01 2.288548729118704550e+00
-3.596250000000000835e-01 9.413750000000000728e-01 4.378750000000000142e-01 -8.078750000000000098e-01 2.896445361686912356e+00
-1.056249999999999689e-01 -3.888750000000000817e-01 4.941249999999999254e-01 -8.431250000000000133e-01 2.965222733283367162e+00
7.412499999999999645e-02 9.333750000000000657e-01 -4.508749999999999147e-01 -9.843750000000000000e-01 2.638472465433672642e+00
-7.533750000000000169e-01 7.403750000000000053e-01 7.443750000000000089e-01 -9.551250000000000018e-01 2.969199591463846488e+00
8.762500000000006395e-02 8.783750000000001279e-01 5.341249999999999609e-01 -8.673750000000000071e-01 2.571868977261116740e+00
3.411249999999999005e-01 -6.298749999999999627e-01 9.748749999999999361e-01 -7.468749999999999556e-01 2.031403082031030038e+00
-4.901249999999999218e-01 -2.558750000000000746e-01 7.671250000000000568e-01 -9.958749999999999547e-01 2.953024108410684079e+00
-1.201250000000000373e-01 9.411249999999999893e-01 -3.412499999999996092e-02 -7.466249999999999831e-01 2.915357307307796297e+00
-4.018749999999999822e-01 9.703750000000002096e-01 8.348750000000000338e-01 -4.371249999999999858e-01 1.885885174181904267e+00
-2.696250000000000036e-01 9.033750000000000391e-01 7.508750000000001812e-01 -4.693749999999999867e-01 2.080383222689777156e+00
-6.238749999999999574e-01 9.886249999999998650e-01 2.913749999999999396e-01 -6.678749999999999964e-01 2.748672181489469679e+00
4.012500000000018829e-02 9.753750000000001030e-01 7.528749999999999609e-01 -9.268750000000000044e-01 2.243843999213116724e+00
-2.081249999999998934e-01 -1.033749999999999947e-01 5.511249999999998650e-01 -6.741249999999999742e-01 2.591677152087498825e+00
-8.066249999999999254e-01 9.688750000000001528e-01 5.863749999999998685e-01 2.948749999999999982e-01 2.903706742158676413e+00
-3.111249999999999849e-01 -8.863750000000000240e-01 9.651250000000000107e-01 -7.066250000000000586e-01 2.095895201502443239e+00
-1.791249999999999787e-01 6.163750000000001172e-01 6.874999999999964473e-03 -2.351250000000000284e-01 2.705222621915429393e+00
6.262500000000015277e-02 -1.253750000000000142e-01 4.986250000000000959e-01 -6.241250000000000409e-01 2.167458875161957010e+00
2.796250000000000124e-01 -7.328749999999999432e-01 4.786250000000000782e-01 -7.243749999999999911e-01 2.515739692027483265e+00
-9.662499999999996092e-02 6.011250000000001315e-01 7.966250000000001386e-01 -4.593749999999999778e-01 2.599248799710905722e+00
-4.931250000000000355e-01 9.098749999999999893e-01 -2.018750000000000266e-01 -5.137499999999994849e-02 2.962015194078507552e+00
-3.941250000000000586e-01 -6.498749999999999805e-01 9.146250000000000213e-01 -7.111250000000000071e-01 2.421062101353491425e+00
-5.953749999999999876e-01 7.978749999999998899e-01 6.726250000000000284e-01 -5.648750000000000160e-01 2.527875451338472690e+00
-8.037499999999997424e-02 8.208750000000000213e-01 7.658749999999998614e-01 -6.568749999999999867e-01 2.164891872311005994e+00
-1.118749999999999467e-01 -4.696249999999999591e-01 6.996250000000001634e-01 -9.963750000000000107e-01 2.114797148347217437e+00
3.083750000000000657e-01 -1.168750000000000622e-01 7.308750000000001634e-01 -8.746249999999999858e-01 2.707855065990971255e+00
-1.786250000000000338e-01 -3.696249999999999813e-01 8.583750000000001101e-01 -4.398750000000000160e-01 1.617750662352951840e+00
-9.318750000000000089e-01 7.093750000000000888e-01 8.988749999999998685e-01 -6.486250000000000071e-01 2.328974425458528508e+00
-3.886249999999999982e-01 5.556250000000000355e-01 2.248749999999999361e-01 -3.183750000000000746e-01 2.706168757686783444e+00
-3.066249999999999254e-01 8.708750000000000657e-01 1.493750000000000355e-01 -4.028749999999999831e-01 2.096867856520152174e+00
-7.776250000000000107e-01 9.388749999999999041e-01 5.238749999999998685e-01 -5.187499999999989342e-02 2.703016993878494922e+00
-8.426249999999999574e-01 8.598750000000001670e-01 2.553749999999999076e-01 -5.476250000000000284e-01 2.964365469080583626e+00
1.231249999999999289e-01 -8.386249999999999538e-01 8.388750000000000373e-01 -5.003750000000000142e-01 2.313759717080579481e+00
-2.523750000000000160e-01 8.556250000000000799e-01 6.456249999999998934e-01 -7.541249999999999343e-01 2.693525408261952858e+00
3.156250000000000444e-01 7.408749999999999503e-01 3.911250000000001670e-01 -9.513749999999999707e-01 2.851181622354261425e+00
-1.866250000000000409e-01 -2.721249999999999503e-01 7.453750000000001208e-01 -5.631249999999999867e-01 1.780656056605699034e+00
-7.123749999999999805e-01 -2.421249999999999236e-01 9.118750000000002132e-01 -8.891249999999999432e-01 2.847791186997902013e+00
-5.476250000000000284e-01 4.643749999999999822e-01 7.581250000000001599e-01 -4.496249999999999414e-01 2.461309388680162247e+00
-5.366250000000000187e-01 -5.563749999999999529e-01 9.671250000000000124e-01 -8.848749999999999671e-01 2.348267451904700209e+00
-1.651249999999999662e-01 -5.866249999999999520e-01 7.078750000000000320e-01 -8.711249999999999272e-01 2.380565057705850585e+00
-7.078750000000000320e-01 8.946250000000000036e-01 8.973750000000000338e-01 -2.308749999999999414e-01 1.624978999818210479e+00
-1.733750000000000568e-01 1.881249999999998757e-01 9.251249999999999751e-01 -4.586250000000000604e-01 1.968337515676221949e+00
-9.463749999999999662e-01 7.991250000000000853e-01 5.568750000000000089e-01 -7.316249999999999698e-01 2.818738810944627193e+00
-8.683750000000000080e-01 8.991250000000001741e-01 9.928750000000001741e-01 1.826250000000000373e-01 2.339303099198958513e+00
1.141250000000000320e-01 -2.538750000000000728e-01 9.191250000000001918e-01 -5.991250000000000187e-01 1.866456135936168437e+00
-1.261250000000000426e-01 8.326250000000001705e-01 9.256250000000001421e-01 -8.906250000000000000e-01 2.333148874062229705e+00
-1.125000000000042633e-03 1.236250000000000959e-01 9.961250000000001492e-01 -5.266250000000000098e-01 2.123332566214781281e+00
-9.036250000000000115e-01 9.446250000000000480e-01 8.941250000000000586e-01 -1.248750000000000693e-01 2.191164880082673960e+00
-7.912499999999988987e-02 9.313750000000000639e-01 -7.337499999999996803e-02 -4.991250000000000409e-01 2.091212503403579781e+00
-1.028750000000000497e-01 5.153750000000001386e-01 4.531250000000000000e-01 -4.096249999999999059e-01 2.385495857012586374e+00
2.566250000000001030e-01 2.191250000000000142e-01 6.926250000000000462e-01 -9.033750000000000391e-01 2.654494864618809125e+00
-1.526250000000000107e-01 -5.401249999999999662e-01 9.881250000000001421e-01 -7.038750000000000284e-01 1.267002185366828959e+00
-2.883750000000000480e-01 1.637500000000002842e-02 9.861249999999999183e-01 -8.488750000000000462e-01 2.513326689498487809e+00
-5.521249999999999769e-01 9.931250000000000355e-01 -2.746249999999998970e-01 -2.778749999999999831e-01 2.645523259951017891e+00
2.287499999999997868e-02 -9.316250000000000364e-01 7.818749999999998757e-01 -4.626250000000000639e-01 2.710399231253934449e+00
2.561249999999999361e-01 -1.548749999999999849e-01 8.613750000000000018e-01 -8.456250000000000711e-01 2.309547583878729160e+00
2.212499999999995026e-02 5.231250000000000622e-01 7.511250000000000426e-01 -4.931250000000000355e-01 2.838578386313650892e+00
6.874999999999964473e-03 8.798750000000001847e-01 -4.337499999999994138e-02 -6.203750000000000098e-01 2.581929798695618228e+00
-2.421249999999999236e-01 7.888749999999999929e-01 5.131250000000000533e-01 -3.566249999999999698e-01 2.543318253062023970e+00
-6.143750000000000044e-01 6.556250000000001243e-01 5.101249999999999396e-01 -3.591249999999999165e-01 2.803221309214622536e+00
-3.037500000000004086e-02 -1.163749999999998952e-01 8.851249999999999396e-01 -5.981250000000000178e-01 1.313419662678420252e+00
1.751249999999999751e-01 7.336249999999999716e-01 -1.383749999999999147e-01 -8.406249999999999556e-01 2.994706170186918648e+00
-1.813750000000000639e-01 -8.358749999999999236e-01 9.238750000000000018e-01 -5.046249999999999902e-01 1.896140163910735144e+00
-3.638749999999999485e-01 -5.686249999999999361e-01 9.036249999999999005e-01 -8.401250000000000107e-01 2.160985533054458063e+00
-7.278750000000000497e-01 7.601249999999999396e-01 6.368749999999998579e-01 -1.968749999999999112e-01 2.831101410096215965e+00
1.558749999999999858e-01 -2.563750000000000195e-01 4.388749999999999041e-01 -7.163749999999999840e-01 2.589085965477753160e+00
9.125000000000049738e-03 -4.298750000000000071e-01 4.638750000000000373e-01 -9.481249999999999956e-01 2.714834793829986825e+00
-1.148750000000000604e-01 9.803749999999999964e-01 -1.746250000000000302e-01 -9.796249999999999680e-01 2.887536262014384292e+00
1.937500000000014211e-02 9.228749999999998899e-01 3.741250000000000409e-01 -7.586249999999999938e-01 2.597161745255602394e+00
-3.673750000000000071e-01 3.348750000000000338e-01 9.113750000000000462e-01 -7.068750000000000311e-01 2.831913018338521049e+00
-3.896249999999999991e-01 1.901250000000000995e-01 9.016250000000001208e-01 -4.156249999999999112e-01 1.878484198744730493e+00
6.843750000000001776e-01 -9.958749999999999547e-01 9.106250000000000178e-01 -6.888750000000000151e-01 2.539007722510786103e+00
-4.171249999999999680e-01 -1.943749999999999645e-01 8.133750000000001812e-01 -9.951250000000000373e-01 2.915725218591410872e+00
1.326249999999999929e-01 -1.413750000000000284e-01 2.683750000000000302e-01 -7.726250000000000062e-01 2.631774527817475118e+00
1.966250000000000497e-01 -2.663750000000000284e-01 9.511250000000002203e-01 -4.576249999999999485e-01 2.630897834138202107e+00
1.848749999999999005e-01 -5.287500000000000533e-02 7.756250000000000089e-01 -6.201250000000000373e-01 2.810630152119875103e+00
-3.666249999999999787e-01 8.936250000000001137e-01 8.551250000000001350e-01 -6.543749999999999289e-01 2.173697616526893306e+00
3.038750000000001172e-01 4.191250000000001918e-01 9.056250000000001243e-01 -8.108750000000000124e-01 2.878253645523137116e+00
-7.741249999999999520e-01 8.006250000000001421e-01 8.746249999999999858e-01 -2.381249999999999201e-01 2.175425326671475368e+00
-7.583750000000000213e-01 9.966249999999998721e-01 8.461250000000000160e-01 -7.828749999999999876e-01 2.228409733117986402e+00
-2.768749999999999822e-01 6.521250000000000657e-01 8.251249999999998863e-01 -4.966249999999999831e-01 2.030448418971884106e+00
5.387500000000011724e-02 -5.673749999999999627e-01 7.218750000000000444e-01 -7.736250000000000071e-01 1.668054305249025315e+00
6.228750000000000675e-01 -9.011249999999999538e-01 6.436250000000001137e-01 -8.171249999999999902e-01 2.957705463026071957e+00
-4.587499999999988809e-02 9.811250000000000249e-01 -1.176249999999999796e-01 -4.833749999999999991e-01 2.351814701052292289e+00
-1.876249999999999307e-01 -2.566249999999999920e-01 7.851250000000000728e-01 -3.178749999999999076e-01 2.599816803888867156e+00
-6.791249999999999787e-01 8.371249999999998970e-01 9.868749999999999467e-01 -1.196249999999999813e-01 2.045992518602405053e+00
3.806249999999999911e-01 -9.883750000000000036e-01 8.576250000000000817e-01 -8.333749999999999769e-01 1.787680894562830414e+00
-2.481249999999999289e-01 2.231250000000000178e-01 7.516250000000002096e-01 -5.956249999999999600e-01 2.696783830017334793e+00
-5.363750000000000462e-01 6.108750000000000568e-01 6.373750000000000249e-01 -2.968750000000000000e-01 2.304246207848675176e+00
-4.718750000000000444e-01 -9.828749999999999432e-01 9.903750000000000053e-01 -3.698749999999999538e-01 2.877963800158875873e+00
-4.006250000000000089e-01 3.666249999999999787e-01 9.926249999999998685e-01 -7.573750000000000204e-01 2.723513120641730012e+00
-5.126249999999999973e-01 6.663749999999999396e-01 8.786249999999999893e-01 -3.011249999999999760e-01 1.909020025822977473e+00
-5.578750000000000098e-01 8.233749999999999680e-01 7.058750000000000302e-01 -9.561250000000000027e-01 2.935363423128004356e+00
9.487500000000004263e-02 7.898749999999998828e-01 8.916249999999998899e-01 -5.593749999999999556e-01 2.911129606348282106e+00
1.808749999999998970e-01 -1.533750000000000391e-01 8.936250000000001137e-01 -4.651250000000000107e-01 2.760177543736168193e+00
3.108750000000000124e-01 -3.406249999999999556e-01 7.976250000000000284e-01 -6.491249999999999520e-01 2.835946208362357890e+00
-4.761249999999999094e-01 -4.866250000000000853e-01 9.676249999999999574e-01 -7.286249999999999671e-01 2.374148221569667871e+00
-6.708749999999999991e-01 9.468749999999999112e-01 9.221249999999998614e-01 -3.298749999999999183e-01 1.506315825187970026e+00
4.037500000000004974e-02 -5.796250000000000568e-01 5.333749999999999325e-01 -7.698749999999999760e-01 2.540935152538112973e+00
-1.106249999999999734e-01 1.206249999999999822e-01 8.543750000000001066e-01 -8.158750000000000169e-01 2.627379214543073438e+00
1.703749999999999432e-01 -4.106250000000000178e-01 7.483750000000000124e-01 -4.953749999999998987e-01 2.336857588213075765e+00
7.612499999999999822e-02 8.756249999999998757e-01 8.753750000000000142e-01 -9.536249999999999449e-01 2.197870805145021755e+00
7.723750000000000338e-01 -7.566249999999999920e-01 8.078750000000001208e-01 -9.553749999999999742e-01 2.876967313268922855e+00
-7.691250000000000586e-01 8.793750000000000178e-01 8.016250000000000320e-01 -6.473750000000000338e-01 2.309647809224918191e+00
7.125000000000047962e-03 5.173749999999999183e-01 7.491250000000000409e-01 -7.363750000000000018e-01 2.587152507843884841e+00
-1.033749999999999947e-01 2.148750000000001492e-01 2.146250000000000657e-01 -4.993749999999999023e-01 2.366978080935348228e+00
-7.113749999999999796e-01 9.923750000000000071e-01 9.843750000000000000e-01 -2.912500000000006750e-02 2.188172545470342012e+00
-2.563750000000000195e-01 2.006250000000000533e-01 8.368750000000000355e-01 -3.433749999999999858e-01 2.492943287770293725e+00
-7.408749999999999503e-01 9.668749999999999289e-01 7.301250000000001350e-01 -5.796250000000000568e-01 2.125529352115608450e+00
-3.816249999999999920e-01 9.612500000000001599e-02 9.696250000000001812e-01 -8.971249999999999503e-01 2.849913696655927975e+00
-6.716250000000000275e-01 8.303750000000000853e-01 9.603749999999999787e-01 -5.343750000000000444e-01 1.914520960249991299e+00
3.493749999999999911e-01 -7.111250000000000071e-01 8.678750000000001741e-01 -5.798750000000000293e-01 2.302472178137298098e+00
-5.621249999999999858e-01 7.928749999999999964e-01 2.908749999999999947e-01 -4.681249999999999023e-01 2.760080113168040583e+00
-6.587499999999990585e-02 -3.336250000000000604e-01 8.313749999999999751e-01 -9.106250000000000178e-01 1.746055689874504102e+00
-5.541249999999999787e-01 -9.816249999999999698e-01 9.893749999999998934e-01 -8.653750000000000053e-01 2.419668775812074291e+00
4.758750000000000480e-01 -6.238749999999999574e-01 8.711250000000001492e-01 -9.901250000000000329e-01 2.259633731324080852e+00
2.563750000000000195e-01 1.668750000000001066e-01 7.956250000000000266e-01 -9.388750000000000151e-01 2.404179881676492325e+00
-2.953749999999999432e-01 9.256250000000001421e-01 9.531250000000000000e-01 -5.706249999999999378e-01 1.746695045551245995e+00
6.206249999999999822e-01 -9.528750000000000275e-01 8.443749999999998757e-01 -5.293749999999999289e-01 2.779011963847311861e+00
-5.491249999999999742e-01 6.963750000000001883e-01 7.543750000000000178e-01 -1.011249999999999094e-01 2.608959251734880525e+00
-8.258749999999999147e-01 9.276249999999999218e-01 2.403750000000000053e-01 -3.976249999999998952e-01 2.986578007019422110e+00
-4.153750000000000497e-01 -4.591250000000000053e-01 6.821250000000000924e-01 -8.778749999999999609e-01 2.976059458907611699e+00
-1.936249999999999361e-01 2.037500000000003197e-02 7.586249999999998828e-01 -4.558750000000000302e-01 1.509137253713876303e+00
1.374999999999904077e-03 7.356250000000001954e-01 1.643750000000001599e-01 -6.433750000000000302e-01 2.933552599298979935e+00
2.811249999999998472e-01 2.511250000000000426e-01 8.171249999999998792e-01 -8.833750000000000213e-01 2.671041296676482713e+00
-1.291249999999999343e-01 6.048750000000000515e-01 9.562500000000007105e-02 -4.246250000000000302e-01 2.263031864479635225e+00
2.037500000000003197e-02 2.251250000000000195e-01 2.761249999999999538e-01 -5.171250000000000568e-01 2.824801815768187119e+00
-1.391249999999999432e-01 9.913750000000001172e-01 -1.712500000000005684e-02 -4.686250000000000693e-01 1.942300425431529476e+00
-4.366250000000000409e-01 6.353750000000000231e-01 7.153749999999998721e-01 -2.101249999999998952e-01 2.604015403762918623e+00
-4.128749999999999920e-01 8.378749999999999254e-01 3.668750000000000622e-01 -1.808749999999998970e-01 2.632960928292156222e+00
5.187499999999989342e-02 8.601250000000000284e-01 -2.203749999999999876e-01 -5.513749999999999485e-01 2.993219617289218704e+00
-8.263749999999999707e-01 9.533749999999998614e-01 9.336250000000001492e-01 3.578749999999999432e-01 2.793717026515742941e+00
-8.503749999999999920e-01 9.986250000000000959e-01 3.813750000000000195e-01 -6.763749999999999485e-01 2.558033962661077965e+00
5.988750000000000462e-01 -9.266250000000000320e-01 9.456250000000001599e-01 -9.521249999999999991e-01 2.141770734129459619e+00
-1.818750000000000089e-01 6.276250000000000995e-01 8.201249999999999929e-01 -7.838749999999999885e-01 2.751486820139681377e+00
-8.481250000000000178e-01 9.461249999999998828e-01 3.791250000000001563e-01 -4.606250000000000622e-01 2.584566948510330864e+00
-3.668750000000000622e-01 6.156250000000000888e-01 9.761250000000001315e-01 -6.458749999999999769e-01 2.329914660769206947e+00
2.731250000000000622e-01 6.623749999999999361e-01 4.588749999999999218e-01 -9.658750000000000391e-01 2.746085362172013600e+00
4.051249999999999574e-01 8.466249999999999609e-01 8.928750000000000853e-01 -8.408750000000000391e-01 2.922969541712928443e+00
-3.933750000000000302e-01 -5.923749999999999849e-01 9.396249999999999325e-01 -7.076249999999999485e-01 2.296165232891821173e+00
2.011249999999999982e-01 -9.226250000000000284e-01 4.426250000000000462e-01 -9.118749999999999911e-01 2.682207170496003545e+00
-8.228750000000000231e-01 8.218749999999999112e-01 8.568750000000000533e-01 -2.771250000000000657e-01 2.252347627799764496e+00
-4.124999999999934275e-03 1.301250000000000462e-01 1.066250000000001918e-01 -6.133750000000000036e-01 2.852370637368532247e+00
-9.237499999999998490e-02 6.238749999999999574e-01 4.981249999999999289e-01 -5.501249999999999751e-01 2.572580779184320932e+00
1.786250000000000338e-01 3.596249999999998614e-01 7.451250000000000373e-01 -9.241249999999999742e-01 2.562286698505812144e+00
2.678750000000000853e-01 5.988750000000000462e-01 7.863750000000000462e-01 -8.881250000000000533e-01 2.585839214727995827e+00
-7.301250000000000240e-01 9.848750000000001670e-01 8.258749999999999147e-01 -6.963749999999999662e-01 2.175121986934891893e+00
-2.853749999999999343e-01 9.581249999999998934e-01 9.873750000000001137e-01 -4.113750000000000462e-01 2.319675805903483212e+00
-3.713750000000000107e-01 5.141249999999999432e-01 7.701250000000001705e-01 -3.043750000000000622e-01 2.307698550805690196e+00
-6.108750000000000568e-01 8.973750000000000338e-01 8.018749999999998934e-01 -5.081249999999999378e-01 1.984093893860638724e+00
-4.843750000000000000e-01 9.918750000000000622e-01 7.375000000000131450e-03 -4.868749999999999467e-01 2.405908800335038400e+00
-3.223750000000000782e-01 -9.938749999999999529e-01 8.496250000000000746e-01 -7.968750000000000000e-01 2.397817048000668194e+00
-6.931249999999999911e-01 6.313750000000000195e-01 9.516249999999999432e-01 7.987499999999991829e-02 2.753765133415678967e+00
2.687499999999998224e-02 -8.862499999999995381e-02 6.493750000000000355e-01 -7.813749999999999307e-01 2.097142175054811819e+00
1.258750000000001812e-01 4.991250000000000409e-01 6.393750000000000266e-01 -7.226249999999999618e-01 2.578179746786082305e+00
6.156250000000000888e-01 -7.643750000000000266e-01 7.821250000000001812e-01 -7.916250000000000231e-01 2.880733629614930624e+00
1.316250000000001030e-01 8.363749999999998685e-01 3.851249999999999396e-01 -7.721249999999999503e-01 2.601140388134790538e+00
4.551250000000000018e-01 -9.911250000000000338e-01 9.246250000000000302e-01 -6.218749999999999556e-01 2.093055007485576269e+00
-2.548749999999999627e-01 -9.466250000000000497e-01 9.638750000000000373e-01 -6.598749999999999893e-01 1.985042310996636861e+00
-4.363749999999999574e-01 9.998750000000000693e-01 2.283749999999999947e-01 -9.612500000000001599e-02 2.823810956900034697e+00
9.212500000000001243e-02 -1.346249999999999947e-01 5.073750000000001315e-01 -7.276249999999999662e-01 2.122607199394028310e+00
-3.863749999999999130e-01 6.773750000000000604e-01 4.921250000000001457e-01 -3.758749999999999591e-01 2.114791060173589532e+00
4.787499999999988987e-02 -1.487499999999997158e-02 7.091250000000000053e-01 -8.961249999999999494e-01 2.494193409296923125e+00
5.162500000000003197e-02 9.506250000000000533e-01 5.633750000000001812e-01 -5.966249999999999609e-01 2.615350177008216370e+00
1.037500000000002309e-02 1.671249999999999680e-01 3.266249999999999432e-01 -5.651249999999999885e-01 2.372243806637181152e+00
-5.373749999999999361e-01 8.833750000000000213e-01 2.586249999999998828e-01 -3.336250000000000604e-01 1.938861164801467973e+00
-6.043749999999999956e-01 8.596249999999998614e-01 7.103749999999999787e-01 -5.624999999999991118e-03 2.704635306127707306e+00
-3.768750000000000711e-01 8.018749999999998934e-01 -4.587499999999988809e-02 -3.841250000000000497e-01 2.458286717263781007e+00
2.921249999999999680e-01 -4.433750000000000746e-01 8.403749999999998721e-01 -9.766249999999999654e-01 1.937896158193966656e+00
-2.601249999999999396e-01 -4.612499999999997158e-02 7.583750000000000213e-01 -5.013750000000000151e-01 1.682431287487842431e+00
-7.987499999999991829e-02 9.778750000000000497e-01 -4.668749999999999289e-01 -2.461249999999999272e-01 2.811824245732210237e+00
-1.568749999999999867e-01 -4.023749999999999272e-01 6.551249999999999574e-01 -7.471250000000000391e-01 2.403977341709698123e+00
-4.726250000000000728e-01 9.858750000000000568e-01 9.733749999999998792e-01 -1.016250000000000764e-01 2.801962857628398140e+00
-5.188749999999999751e-01 -8.313749999999999751e-01 8.128750000000000142e-01 -9.826249999999999707e-01 2.724485763505318126e+00
3.563749999999998863e-01 -5.668750000000000178e-01 7.596250000000002167e-01 -7.043749999999999734e-01 2.597986408188915242e+00
-9.161249999999999671e-01 6.923750000000001847e-01 6.888749999999999041e-01 -5.276250000000000107e-01 2.916412934809150315e+00
1.763750000000001705e-01 1.156250000000000888e-01 9.471250000000002167e-01 -7.746250000000000080e-01 2.250545369594957990e+00
-4.262499999999991296e-02 6.328749999999998543e-01 5.181249999999999467e-01 -6.173750000000000071e-01 2.686358285961879311e+00
-2.516249999999999876e-01 -2.216249999999999609e-01 9.568750000000001421e-01 -7.718749999999999778e-01 1.766721876870641861e+00
-1.403749999999999165e-01 8.643749999999998934e-01 7.893750000000001599e-01 -6.358749999999999680e-01 2.082072609882596570e+00
-4.801249999999999130e-01 8.996249999999998970e-01 7.973750000000001670e-01 -6.743749999999999467e-01 2.345012386453363185e+00
-9.016250000000000098e-01 9.673750000000000959e-01 9.948749999999999538e-01 -7.212499999999999467e-02 1.975192466329900975e+00
-2.463750000000000107e-01 8.116250000000000409e-01 5.813749999999999751e-01 -3.036250000000000338e-01 2.911266067351222286e+00
-9.353749999999999565e-01 8.998750000000002025e-01 -9.923750000000000071e-01 4.806249999999998579e-01 2.790480337009352940e+00
-1.262499999999988631e-02 -5.912499999999998312e-02 5.636250000000000426e-01 -3.581250000000000266e-01 2.912129964776328350e+00
-4.506250000000000533e-01 6.743749999999999467e-01 8.921250000000000568e-01 -6.988750000000000240e-01 2.603977482785542197e+00
-2.401249999999999218e-01 -6.061250000000000249e-01 6.246249999999999858e-01 -9.126250000000000195e-01 2.908904975002566395e+00
-8.624999999999882760e-03 1.306249999999999911e-01 7.588750000000001883e-01 -6.826250000000000373e-01 2.140703487209708822e+00
-8.387499999999992184e-02 -8.737499999999998046e-02 8.748750000000000693e-01 -8.728750000000000675e-01 2.246034351233153981e+00
2.051250000000000018e-01 7.528749999999999609e-01 6.301250000000000462e-01 -7.241250000000000187e-01 2.855767216133787034e+00
-3.978749999999999787e-01 -1.318749999999999645e-01 8.493750000000002132e-01 -7.611250000000000515e-01 2.525147659891541441e+00
2.183749999999999858e-01 -5.803749999999999742e-01 6.558749999999999858e-01 -8.736249999999999849e-01 1.873399980710731993e+00
-8.556250000000000799e-01 9.648750000000001492e-01 5.678749999999999076e-01 1.318749999999999645e-01 2.959529285698354606e+00
-5.161249999999999449e-01 7.628750000000001918e-01 6.693750000000000533e-01 -3.498749999999999361e-01 1.742515553696551756e+00
8.712499999999989697e-02 -3.968749999999999778e-01 7.056249999999999467e-01 -8.863750000000000240e-01 1.446811559040777961e+00
-6.308749999999999636e-01 9.626250000000000639e-01 2.616249999999999964e-01 1.048750000000000515e-01 2.684556867811465075e+00
7.624999999999992895e-03 -8.298749999999999183e-01 9.383750000000001812e-01 -8.646249999999999769e-01 1.395967395729312832e+00
-6.487500000000001599e-02 -5.888750000000000373e-01 7.376249999999999751e-01 -4.838750000000000551e-01 1.786916775352423103e+00
-5.791250000000000009e-01 -9.133750000000000480e-01 9.361250000000000959e-01 -8.276250000000000551e-01 2.689139813221903541e+00
-2.323749999999999982e-01 -7.431250000000000355e-01 7.068750000000001421e-01 -5.371249999999999636e-01 2.923665666265382601e+00
-3.478749999999999343e-01 9.981249999999999289e-01 4.358750000000000124e-01 -2.646249999999998881e-01 2.544187786720931932e+00
3.128750000000000142e-01 4.726249999999998508e-01 5.413749999999999396e-01 -9.953750000000000098e-01 2.745330305312751129e+00
4.786250000000000782e-01 1.238749999999999574e-01 9.661249999999999005e-01 -9.786249999999999671e-01 2.799381200679130099e+00
7.138750000000000373e-01 -9.546250000000000568e-01 7.996250000000000302e-01 -8.956250000000000044e-01 2.623349175771030328e+00
-5.431249999999999689e-01 6.198749999999999538e-01 9.416250000000001563e-01 -1.821249999999999813e-01 2.288322063657001859e+00
-1.923749999999999627e-01 -2.261249999999999094e-01 9.348749999999999005e-01 -8.758749999999999591e-01 2.002617769574295270e+00
2.978749999999998899e-01 -9.391249999999999876e-01 6.013749999999999929e-01 -5.633749999999999591e-01 2.854266289750639896e+00
-1.976249999999999396e-01 9.828749999999999432e-01 -7.512499999999988631e-02 -8.766249999999999876e-01 2.972815815506765880e+00
-4.571250000000000036e-01 -3.448750000000000426e-01 9.976250000000002061e-01 -6.858750000000000124e-01 2.193753215272822743e+00
1.733750000000000568e-01 -6.243750000000000133e-01 4.913750000000001172e-01 -7.196249999999999591e-01 2.274414489491247249e+00
-3.966250000000000053e-01 9.188749999999998863e-01 -1.693750000000000533e-01 -6.291249999999999343e-01 2.997971103051829900e+00
-4.258750000000000036e-01 -6.833749999999999547e-01 9.681250000000001243e-01 -5.843749999999999778e-01 2.495222301600048542e+00
-3.241249999999999964e-01 6.953750000000000764e-01 1.123750000000001137e-01 -3.443749999999999867e-01 2.036067554146413716e+00
5.901250000000000107e-01 -8.533749999999999947e-01 7.776250000000000107e-01 -8.218750000000000222e-01 2.656202980655769874e+00
-4.741249999999999076e-01 4.001250000000000639e-01 8.026249999999999218e-01 -4.888749999999999485e-01 2.514649043017180396e+00
7.887500000000002842e-02 4.286250000000000338e-01 5.108749999999999680e-01 -7.051250000000000018e-01 2.802035382735857727e+00
3.212500000000018119e-02 9.151250000000001883e-01 -2.446249999999999813e-01 -9.991250000000000409e-01 2.851186516483305677e+00
-7.036249999999999449e-01 9.788749999999999396e-01 4.576250000000001705e-01 -4.253750000000000586e-01 1.993797269201329048e+00
-2.316249999999999698e-01 1.966250000000000497e-01 8.676249999999998685e-01 -5.681249999999999911e-01 2.138382273316033366e+00
2.411250000000000338e-01 -5.243750000000000355e-01 5.533749999999999503e-01 -6.423750000000000293e-01 2.653828812529649639e+00
2.193749999999998757e-01 3.826249999999999929e-01 9.001250000000000639e-01 -9.328750000000000098e-01 2.198379357227173703e+00
-1.431249999999999467e-01 9.566250000000000586e-01 -3.171249999999999902e-01 -9.463749999999999662e-01 2.852111699772633902e+00
-7.512499999999988631e-02 2.413750000000001172e-01 6.683750000000001634e-01 -5.286250000000000115e-01 1.947392868194350202e+00
-2.778749999999999831e-01 8.187500000000014211e-02 6.358749999999999680e-01 -3.601250000000000284e-01 2.492918343517637858e+00
-3.458749999999999325e-01 9.991250000000000409e-01 -3.387499999999998845e-02 -6.553750000000000409e-01 2.791415758945030134e+00
-1.926250000000000462e-01 4.733749999999998792e-01 9.953750000000001208e-01 -7.743750000000000355e-01 2.480292191468099094e+00
1.123750000000001137e-01 8.262500000000017053e-02 9.363749999999999574e-01 -7.438750000000000639e-01 1.984485264892781320e+00
4.208750000000001101e-01 -5.781250000000000000e-01 7.968750000000000000e-01 -9.588750000000000329e-01 2.318926891648007693e+00
-5.158749999999999725e-01 7.663750000000000284e-01 8.633750000000000036e-01 -9.841250000000000275e-01 2.796293735204176567e+00
-2.791250000000000675e-01 3.036250000000000338e-01 9.446250000000000480e-01 -8.153749999999999609e-01 2.829874495723568195e+00
-5.096249999999999947e-01 6.828750000000001208e-01 4.413749999999998508e-01 -4.493750000000000799e-01 2.734832688852500748e+00
-2.776250000000000107e-01 7.501250000000001528e-01 6.858750000000000124e-01 -7.306249999999999689e-01 2.827332582189651333e+00
-2.961249999999999716e-01 7.133750000000000924e-01 3.066249999999999254e-01 -4.853750000000000009e-01 2.795485095512449281e+00
-1.006249999999999645e-01 -1.448749999999999760e-01 8.386249999999999538e-01 -3.816249999999999920e-01 2.597673809070328854e+00
-2.788749999999999840e-01 1.028750000000000497e-01 9.956249999999999822e-01 -6.691249999999999698e-01 2.146510133339186055e+00
-4.391249999999999876e-01 9.386250000000000426e-01 -1.913750000000000728e-01 -4.518750000000000266e-01 2.779452898296268071e+00
-5.512499999999997957e-02 -5.091250000000000497e-01 5.563750000000000639e-01 -6.098749999999999449e-01 2.683773503046479547e+00
-8.837499999999998135e-02 -4.358750000000000124e-01 6.541250000000000675e-01 -6.018749999999999378e-01 2.161145210438984332e+00
-3.746249999999999858e-01 6.973750000000000782e-01 1.287500000000019185e-02 -3.818749999999999645e-01 2.646433736633884592e+00
-5.711249999999999938e-01 8.546249999999999680e-01 9.538750000000000284e-01 -1.598749999999999893e-01 2.308269404787452572e+00
1.026250000000001883e-01 -8.513749999999999929e-01 5.446249999999999147e-01 -9.823749999999999982e-01 2.476476625915891017e+00
5.012499999999997513e-02 -5.496250000000000302e-01 8.713750000000000107e-01 -5.551249999999999796e-01 1.503281826090098416e+00
1.193750000000000089e-01 -8.028750000000000053e-01 7.993749999999999467e-01 -6.773750000000000604e-01 1.396517808217666357e+00
1.671249999999999680e-01 -4.131249999999999645e-01 3.056250000000000355e-01 -7.283749999999999947e-01 2.966071230019326155e+00
